1635,1453,1000
1635,1453,2000
1637,1452,2000
1639,1452,2000
1642,1452,2000
1644,1451,2000
1646,1451,2000
1649,1452,2000
1652,1453,2000
1654,1453,2000
1657,1454,2000
1660,1455,2000
1663,1456,2000
1666,1458,2000
1669,1460,2000
1672,1461,2000
1676,1463,2000
1679,1465,2000
1682,1468,2000
1685,1470,2000
1688,1472,2000
1691,1475,2000
1694,1477,2000
1696,1480,2000
1699,1482,2000
1702,1485,2000
1704,1488,2000
1706,1490,2000
1708,1493,2000
1710,1495,2000
1712,1498,2000
1713,1500,2000
1714,1502,2000
1715,1504,2000
1715,1506,2000
1716,1509,2000
1717,1511,2000
1716,1512,2000
1715,1514,2000
1715,1515,2000
1714,1517,2000
1713,1518,2000
1712,1519,2000
1710,1520,2000
1708,1521,2000
1706,1522,2000
1705,1523,2000
1702,1523,2000
1699,1523,2000
1697,1523,2000
1694,1524,2000
1692,1524,2000
1688,1523,2000
1685,1523,2000
1682,1522,2000
1679,1522,2000
1676,1521,2000
1673,1520,2000
1670,1518,2000
1667,1517,2000
1664,1516,2000
1660,1515,2000
1658,1513,2000
1655,1511,2000
1652,1509,2000
1649,1507,2000
1646,1505,2000
1644,1503,2000
1642,1501,2000
1640,1498,2000
1637,1496,2000
1635,1494,2000
1634,1491,2000
1632,1489,2000
1631,1486,2000
1630,1484,2000
1628,1481,2000
1628,1479,2000
1627,1476,2000
1627,1474,2000
1626,1471,2000
1626,1469,2000
1626,1467,2000
1627,1465,2000
1627,1463,2000
1628,1461,2000
1628,1459,2000
1630,1458,2000
1631,1456,2000
1632,1455,2000
1634,1454,2000
1635,1453,2000
1637,1452,2000
1639,1452,2000
1642,1452,2000
1644,1451,2000
1646,1451,2000
1649,1452,2000
1652,1453,2000
1654,1453,2000
1657,1454,2000
1660,1455,2000
1663,1456,2000
1666,1458,2000
1669,1460,2000
1672,1461,2000
1676,1463,2000
1679,1465,2000
1682,1468,2000
1685,1470,2000
1688,1472,2000
1691,1475,2000
1694,1477,2000
1696,1480,2000
1699,1482,2000
1702,1485,2000
1704,1488,2000
1706,1490,2000
1708,1493,2000
1710,1495,2000
1712,1498,2000
1713,1500,2000
1714,1502,2000
1715,1504,2000
1715,1506,2000
1716,1509,2000
1717,1511,2000
1716,1512,2000
1715,1514,2000
1715,1515,2000
1714,1517,2000
1713,1518,2000
1712,1519,2000
1710,1520,2000
1708,1521,2000
1706,1522,2000
1705,1523,2000
1702,1523,2000
1699,1523,2000
1697,1523,2000
1694,1524,2000
1692,1524,2000
1688,1523,2000
1685,1523,2000
1682,1522,2000
1679,1522,2000
1679,1522,1000
