1459,1281,1000
1459,1281,2000
1460,1280,2000
1461,1279,2000
1463,1278,2000
1464,1277,2000
1466,1276,2000
1468,1276,2000
1471,1277,2000
1473,1277,2000
1476,1278,2000
1478,1278,2000
1481,1280,2000
1485,1282,2000
1488,1284,2000
1491,1286,2000
1495,1288,2000
1499,1291,2000
1502,1294,2000
1506,1297,2000
1510,1300,2000
1514,1303,2000
1518,1307,2000
1522,1311,2000
1526,1314,2000
1529,1318,2000
1533,1322,2000
1537,1326,2000
1540,1330,2000
1543,1334,2000
1547,1337,2000
1550,1341,2000
1552,1345,2000
1555,1348,2000
1557,1352,2000
1559,1355,2000
1561,1359,2000
1562,1361,2000
1563,1364,2000
1564,1367,2000
1565,1370,2000
1565,1372,2000
1565,1374,2000
1564,1376,2000
1563,1377,2000
1563,1379,2000
1562,1381,2000
1560,1381,2000
1558,1382,2000
1556,1382,2000
1554,1383,2000
1552,1384,2000
1549,1383,2000
1546,1382,2000
1543,1382,2000
1540,1381,2000
1537,1381,2000
1534,1379,2000
1530,1377,2000
1526,1376,2000
1523,1374,2000
1519,1373,2000
1516,1370,2000
1512,1368,2000
1508,1365,2000
1505,1363,2000
1501,1360,2000
1498,1357,2000
1494,1354,2000
1491,1350,2000
1488,1347,2000
1484,1344,2000
1482,1340,2000
1479,1337,2000
1476,1333,2000
1473,1330,2000
1471,1326,2000
1469,1322,2000
1467,1319,2000
1465,1315,2000
1463,1312,2000
1461,1308,2000
1461,1305,2000
1460,1302,2000
1459,1299,2000
1458,1296,2000
1457,1292,2000
1457,1290,2000
1458,1288,2000
1458,1286,2000
1458,1283,2000
1459,1281,2000
1460,1280,2000
1461,1279,2000
1463,1278,2000
1464,1277,2000
1466,1276,2000
1468,1276,2000
1471,1277,2000
1473,1277,2000
1476,1278,2000
1478,1278,2000
1481,1280,2000
1485,1282,2000
1488,1284,2000
1491,1286,2000
1495,1288,2000
1499,1291,2000
1502,1294,2000
1506,1297,2000
1510,1300,2000
1514,1303,2000
1518,1307,2000
1522,1311,2000
1526,1314,2000
1529,1318,2000
1533,1322,2000
1537,1326,2000
1540,1330,2000
1543,1334,2000
1547,1337,2000
1550,1341,2000
1552,1345,2000
1555,1348,2000
1557,1352,2000
1559,1355,2000
1561,1359,2000
1562,1361,2000
1563,1364,2000
1564,1367,2000
1565,1370,2000
1565,1372,2000
1565,1374,2000
1564,1376,2000
1563,1377,2000
1563,1379,2000
1562,1381,2000
1560,1381,2000
1558,1382,2000
1556,1382,2000
1554,1383,2000
1552,1384,2000
1549,1383,2000
1546,1382,2000
1543,1382,2000
1540,1381,2000
1540,1381,1000
