1603,1865,1000
1603,1865,1000
1603,1865,1000
1603,1865,1000
1603,1865,2000
1602,1861,2000
1600,1856,2000
1598,1852,2000
1597,1848,2000
1595,1843,2000
1593,1839,2000
1591,1834,2000
1590,1830,2000
1588,1826,2000
1586,1822,2000
1584,1817,2000
1583,1813,2000
1581,1809,2000
1579,1804,2000
1577,1800,2000
1575,1796,2000
1573,1792,2000
1571,1788,2000
1569,1784,2000
1567,1779,2000
1565,1775,2000
1563,1771,2000
1561,1767,2000
1559,1763,2000
1557,1759,2000
1555,1755,2000
1553,1751,2000
1551,1747,2000
1549,1743,2000
1547,1739,2000
1545,1735,2000
1543,1731,2000
1540,1726,2000
1538,1723,2000
1536,1719,2000
1534,1715,2000
1531,1711,2000
1529,1707,2000
1527,1703,2000
1525,1699,2000
1522,1695,2000
1520,1691,2000
1518,1687,2000
1515,1683,2000
1513,1679,2000
1511,1675,2000
1508,1671,2000
1506,1668,2000
1503,1664,2000
1501,1660,2000
1504,1658,2000
1507,1656,2000
1509,1654,2000
1512,1652,2000
1515,1651,2000
1518,1649,2000
1521,1647,2000
1523,1646,2000
1526,1644,2000
1529,1642,2000
1532,1641,2000
1534,1639,2000
1537,1638,2000
1540,1636,2000
1542,1635,2000
1545,1633,2000
1548,1632,2000
1551,1630,2000
1553,1629,2000
1556,1627,2000
1559,1626,2000
1561,1625,2000
1564,1623,2000
1566,1622,2000
1569,1621,2000
1572,1620,2000
1574,1618,2000
1577,1617,2000
1580,1616,2000
1582,1615,2000
1585,1614,2000
1587,1613,2000
1590,1612,2000
1593,1610,2000
1595,1609,2000
1598,1608,2000
1600,1607,2000
1603,1607,2000
1606,1606,2000
1608,1605,2000
1611,1604,2000
1613,1603,2000
1616,1602,2000
1618,1601,2000
1621,1600,2000
1623,1600,2000
1626,1599,2000
1629,1598,2000
1631,1597,2000
1634,1597,2000
1637,1601,2000
1640,1605,2000
1643,1609,2000
1646,1613,2000
1649,1617,2000
1652,1621,2000
1655,1624,2000
1658,1628,2000
1661,1632,2000
1664,1636,2000
1666,1640,2000
1669,1644,2000
1672,1648,2000
1675,1652,2000
1678,1656,2000
1681,1660,2000
1684,1664,2000
1686,1668,2000
1689,1672,2000
1692,1676,2000
1695,1680,2000
1697,1684,2000
1700,1688,2000
1703,1692,2000
1705,1696,2000
1708,1700,2000
1711,1704,2000
1713,1708,2000
1716,1711,2000
1718,1715,2000
1721,1719,2000
1723,1723,2000
1726,1727,2000
1728,1731,2000
1731,1735,2000
1733,1739,2000
1736,1743,2000
1738,1747,2000
1741,1751,2000
1743,1755,2000
1745,1759,2000
1748,1763,2000
1750,1767,2000
1752,1771,2000
1754,1775,2000
1757,1779,2000
1759,1783,2000
1761,1787,2000
1763,1791,2000
1765,1795,2000
1762,1795,2000
1759,1796,2000
1755,1797,2000
1752,1797,2000
1749,1798,2000
1745,1799,2000
1742,1800,2000
1739,1800,2000
1736,1801,2000
1732,1802,2000
1729,1803,2000
1726,1804,2000
1722,1805,2000
1719,1806,2000
1716,1807,2000
1712,1808,2000
1709,1809,2000
1706,1810,2000
1702,1811,2000
1699,1812,2000
1696,1813,2000
1693,1814,2000
1689,1816,2000
1686,1817,2000
1683,1818,2000
1679,1820,2000
1676,1821,2000
1673,1822,2000
1669,1824,2000
1666,1825,2000
1663,1827,2000
1659,1828,2000
1656,1830,2000
1653,1832,2000
1649,1833,2000
1646,1835,2000
1642,1837,2000
1639,1838,2000
1636,1840,2000
1632,1842,2000
1629,1844,2000
1626,1846,2000
1622,1848,2000
1619,1850,2000
1615,1852,2000
1612,1854,2000
1608,1856,2000
1605,1858,2000
1601,1861,2000
1601,1861,1000
1601,1861,1000
1601,1861,1000
1601,1861,1000
1601,1861,1000
