1488,1381,2000
1488,1381,2000
1488,1381,2000
1489,1381,2000
1489,1382,2000
1489,1382,2000
1490,1382,2000
1490,1382,2000
1490,1382,2000
1490,1383,2000
1491,1383,2000
1491,1383,2000
1491,1383,2000
1492,1384,2000
1492,1384,2000
1492,1384,2000
1493,1384,2000
1493,1384,2000
1493,1385,2000
1494,1385,2000
1494,1385,2000
1494,1385,2000
1494,1385,2000
1495,1386,2000
1495,1386,2000
1495,1386,2000
1496,1386,2000
1496,1387,2000
1496,1387,2000
1497,1387,2000
1497,1387,2000
1497,1387,2000
1498,1388,2000
1498,1388,2000
1498,1388,2000
1499,1388,2000
1499,1389,2000
1499,1389,2000
1499,1389,2000
1500,1389,2000
1500,1389,2000
1500,1389,2000
1501,1389,2000
1501,1390,2000
1501,1390,2000
1502,1390,2000
1502,1390,2000
1502,1390,2000
1503,1390,2000
1503,1390,2000
1503,1390,2000
1504,1390,2000
1504,1390,2000
1504,1390,2000
1505,1390,2000
1505,1390,2000
1506,1390,2000
1506,1390,2000
1506,1390,2000
1507,1390,2000
1507,1390,2000
1507,1390,2000
1508,1390,2000
1508,1390,2000
1508,1390,2000
1509,1390,2000
1509,1390,2000
1509,1390,2000
1510,1390,2000
1510,1390,2000
1510,1390,2000
1511,1390,2000
1511,1390,2000
1511,1390,2000
1512,1390,2000
1512,1390,2000
1512,1390,2000
1513,1390,2000
1513,1390,2000
1513,1390,2000
1514,1390,2000
1513,1390,2000
1513,1389,2000
1513,1389,2000
1512,1389,2000
1512,1388,2000
1512,1388,2000
1512,1387,2000
1511,1387,2000
1511,1386,2000
1511,1386,2000
1510,1386,2000
1510,1385,2000
1510,1385,2000
1510,1384,2000
1509,1384,2000
1509,1383,2000
1509,1383,2000
1508,1383,2000
1508,1382,2000
1508,1382,2000
1508,1381,2000
1507,1381,2000
1507,1380,2000
1507,1380,2000
1506,1379,2000
1506,1379,2000
1506,1379,2000
1505,1378,2000
1505,1378,2000
1505,1377,2000
1505,1377,2000
1504,1376,2000
1504,1376,2000
1504,1376,2000
1503,1375,2000
1503,1375,2000
1503,1374,2000
1502,1374,2000
1502,1373,2000
1502,1373,2000
1501,1373,2000
1501,1372,2000
1501,1372,2000
1500,1371,2000
1500,1371,2000
1499,1370,2000
1499,1370,2000
1498,1369,2000
1498,1369,2000
1497,1368,2000
1497,1368,2000
1496,1368,2000
1496,1367,2000
1495,1367,2000
1495,1366,2000
1494,1366,2000
1494,1365,2000
1494,1365,2000
1493,1364,2000
1493,1364,2000
1492,1364,2000
1492,1363,2000
1491,1363,2000
1491,1362,2000
1490,1362,2000
1490,1361,2000
1489,1361,2000
1489,1360,2000
1488,1360,2000
1488,1360,2000
1487,1359,2000
1487,1359,2000
1487,1358,2000
1486,1358,2000
1486,1357,2000
1485,1357,2000
1485,1356,2000
1484,1356,2000
1484,1356,2000
1483,1355,2000
1483,1355,2000
1483,1355,2000
1483,1355,2000
1482,1355,2000
1482,1355,2000
1482,1355,2000
1482,1355,2000
1482,1355,2000
1482,1355,2000
1481,1355,2000
1481,1356,2000
1481,1356,2000
1481,1356,2000
1481,1356,2000
1480,1356,2000
1480,1356,2000
1480,1356,2000
1480,1356,2000
1480,1356,2000
1479,1356,2000
1479,1356,2000
1479,1356,2000
1479,1356,2000
1479,1356,2000
1478,1356,2000
1478,1356,2000
1478,1356,2000
1478,1356,2000
1478,1356,2000
1477,1356,2000
1477,1356,2000
1477,1356,2000
1477,1356,2000
1477,1356,2000
1476,1356,2000
1476,1356,2000
1476,1356,2000
1476,1357,2000
1476,1357,2000
1475,1357,2000
1475,1357,2000
1475,1357,2000
1475,1357,2000
1475,1357,2000
1475,1357,2000
1476,1358,2000
1476,1358,2000
1476,1358,2000
1476,1358,2000
1476,1358,2000
1476,1358,2000
1476,1359,2000
1476,1359,2000
1476,1359,2000
1476,1359,2000
1476,1359,2000
1476,1360,2000
1476,1360,2000
1476,1360,2000
1476,1360,2000
1476,1360,2000
1476,1360,2000
1476,1361,2000
1476,1361,2000
1476,1361,2000
1476,1361,2000
1476,1361,2000
1476,1361,2000
1476,1362,2000
1476,1362,2000
1476,1362,2000
1476,1362,2000
1476,1362,2000
1476,1362,2000
1476,1363,2000
1476,1363,2000
1476,1363,2000
1476,1363,2000
1476,1363,2000
1476,1363,2000
1476,1364,2000
1477,1364,2000
1477,1365,2000
1477,1365,2000
1477,1365,2000
1477,1366,2000
1478,1366,2000
1478,1366,2000
1478,1367,2000
1478,1367,2000
1478,1367,2000
1479,1368,2000
1479,1368,2000
1479,1368,2000
1479,1369,2000
1479,1369,2000
1480,1369,2000
1480,1370,2000
1480,1370,2000
1480,1370,2000
1480,1371,2000
1481,1371,2000
1481,1371,2000
1481,1372,2000
1481,1372,2000
1481,1372,2000
1482,1373,2000
1482,1373,2000
1482,1373,2000
1482,1374,2000
1482,1374,2000
1483,1374,2000
1483,1375,2000
1483,1375,2000
1483,1376,2000
1483,1376,2000
1483,1376,2000
1484,1377,2000
1484,1377,2000
1484,1377,2000
1484,1378,2000
1485,1378,2000
1485,1378,2000
1486,1379,2000
1486,1379,2000
1486,1379,2000
1487,1380,2000
1487,1380,2000
1487,1380,2000
1488,1381,2000
1488,1381,2000
1488,1381,2000
1489,1382,2000
1489,1382,2000
1489,1382,2000
1490,1383,2000
1490,1383,2000
1491,1383,2000
1491,1384,2000
1491,1384,2000
1492,1384,2000
1492,1385,2000
1492,1385,2000
1493,1386,2000
1493,1386,2000
1493,1386,2000
1494,1387,2000
1494,1387,2000
1495,1387,2000
1495,1388,2000
1495,1388,2000
1496,1388,2000
1496,1389,2000
1496,1389,2000
1497,1389,2000
1497,1390,2000
1497,1390,2000
1498,1390,2000
1498,1391,2000
