1656,1473,1000
1656,1473,2000
1658,1473,2000
1660,1472,2000
1662,1472,2000
1664,1471,2000
1666,1471,2000
1668,1471,2000
1670,1471,2000
1672,1471,2000
1674,1471,2000
1677,1471,2000
1679,1472,2000
1681,1472,2000
1683,1473,2000
1685,1473,2000
1687,1474,2000
1688,1475,2000
1690,1476,2000
1692,1477,2000
1693,1477,2000
1695,1478,2000
1696,1479,2000
1697,1481,2000
1698,1482,2000
1699,1483,2000
1701,1484,2000
1701,1485,2000
1701,1486,2000
1702,1487,2000
1702,1488,2000
1702,1489,2000
1702,1490,2000
1702,1491,2000
1701,1492,2000
1701,1493,2000
1700,1494,2000
1699,1495,2000
1698,1496,2000
1697,1497,2000
1695,1498,2000
1694,1499,2000
1692,1500,2000
1690,1500,2000
1688,1501,2000
1687,1502,2000
1685,1503,2000
1682,1503,2000
1680,1503,2000
1678,1504,2000
1676,1504,2000
1673,1505,2000
1671,1505,2000
1669,1505,2000
1666,1505,2000
1664,1506,2000
1662,1506,2000
1660,1506,2000
1657,1505,2000
1655,1505,2000
1653,1505,2000
1651,1505,2000
1650,1504,2000
1648,1504,2000
1646,1503,2000
1645,1503,2000
1643,1502,2000
1642,1501,2000
1641,1500,2000
1640,1499,2000
1639,1498,2000
1638,1497,2000
1638,1496,2000
1638,1495,2000
1638,1493,2000
1638,1492,2000
1638,1491,2000
1638,1490,2000
1639,1488,2000
1640,1487,2000
1640,1485,2000
1641,1484,2000
1642,1483,2000
1643,1482,2000
1644,1480,2000
1646,1479,2000
1647,1478,2000
1649,1477,2000
1650,1476,2000
1652,1475,2000
1654,1474,2000
1656,1473,2000
1658,1473,2000
1660,1472,2000
1662,1472,2000
1664,1471,2000
1666,1471,2000
1668,1471,2000
1670,1471,2000
1672,1471,2000
1674,1471,2000
1677,1471,2000
1679,1472,2000
1681,1472,2000
1683,1473,2000
1685,1473,2000
1687,1474,2000
1688,1475,2000
1690,1476,2000
1692,1477,2000
1693,1477,2000
1695,1478,2000
1696,1479,2000
1697,1481,2000
1698,1482,2000
1699,1483,2000
1701,1484,2000
1701,1485,2000
1701,1486,2000
1702,1487,2000
1702,1488,2000
1702,1489,2000
1702,1490,2000
1702,1491,2000
1701,1492,2000
1701,1493,2000
1700,1494,2000
1699,1495,2000
1698,1496,2000
1697,1497,2000
1695,1498,2000
1694,1499,2000
1692,1500,2000
1690,1500,2000
1688,1501,2000
1687,1502,2000
1685,1503,2000
1682,1503,2000
1680,1503,2000
1678,1504,2000
1676,1504,2000
1673,1505,2000
1671,1505,2000
1669,1505,2000
1666,1505,2000
1664,1506,2000
1664,1506,1000
