1306,1443,1000
1306,1443,1000
1306,1443,1000
1306,1443,2000
1307,1444,2000
1308,1444,2000
1309,1445,2000
1310,1446,2000
1311,1446,2000
1311,1447,2000
1312,1448,2000
1313,1448,2000
1314,1449,2000
1315,1450,2000
1316,1451,2000
1316,1451,2000
1317,1452,2000
1318,1453,2000
1319,1453,2000
1320,1454,2000
1321,1455,2000
1321,1456,2000
1322,1456,2000
1323,1457,2000
1324,1458,2000
1325,1458,2000
1326,1459,2000
1326,1460,2000
1327,1460,2000
1328,1461,2000
1329,1462,2000
1330,1463,2000
1330,1463,2000
1331,1464,2000
1332,1465,2000
1333,1465,2000
1334,1466,2000
1335,1467,2000
1335,1468,2000
1336,1468,2000
1337,1469,2000
1338,1470,2000
1339,1471,2000
1340,1471,2000
1340,1472,2000
1341,1473,2000
1342,1473,2000
1343,1474,2000
1344,1475,2000
1344,1476,2000
1345,1476,2000
1346,1477,2000
1347,1478,2000
1348,1478,2000
1348,1478,2000
1349,1478,2000
1349,1478,2000
1350,1478,2000
1351,1478,2000
1351,1478,2000
1352,1478,2000
1352,1478,2000
1353,1478,2000
1353,1478,2000
1354,1478,2000
1355,1478,2000
1355,1478,2000
1356,1478,2000
1356,1478,2000
1357,1478,2000
1357,1478,2000
1358,1477,2000
1359,1477,2000
1359,1477,2000
1360,1477,2000
1360,1477,2000
1361,1477,2000
1361,1477,2000
1362,1477,2000
1363,1477,2000
1363,1477,2000
1364,1477,2000
1364,1477,2000
1365,1477,2000
1366,1477,2000
1366,1477,2000
1367,1477,2000
1367,1477,2000
1368,1477,2000
1368,1477,2000
1369,1477,2000
1370,1477,2000
1370,1477,2000
1371,1477,2000
1371,1477,2000
1372,1476,2000
1372,1476,2000
1373,1476,2000
1374,1476,2000
1374,1476,2000
1375,1476,2000
1375,1476,2000
1376,1476,2000
1376,1476,2000
1377,1476,2000
1377,1476,2000
1377,1476,2000
1378,1476,2000
1378,1476,2000
1378,1476,2000
1379,1476,2000
1379,1476,2000
1380,1476,2000
1380,1475,2000
1380,1475,2000
1381,1475,2000
1381,1475,2000
1381,1475,2000
1382,1475,2000
1382,1475,2000
1382,1475,2000
1383,1475,2000
1383,1475,2000
1383,1475,2000
1384,1475,2000
1384,1475,2000
1384,1475,2000
1385,1474,2000
1385,1474,2000
1386,1474,2000
1386,1474,2000
1386,1474,2000
1387,1474,2000
1387,1474,2000
1387,1474,2000
1388,1474,2000
1388,1474,2000
1388,1474,2000
1389,1474,2000
1389,1474,2000
1389,1474,2000
1390,1473,2000
1390,1473,2000
1390,1473,2000
1391,1473,2000
1391,1473,2000
1392,1473,2000
1392,1473,2000
1392,1473,2000
1393,1473,2000
1393,1473,2000
1393,1473,2000
1394,1473,2000
1394,1473,2000
1394,1472,2000
1395,1472,2000
1395,1472,2000
1395,1472,2000
1396,1472,2000
1396,1472,2000
1396,1471,2000
1397,1471,2000
1397,1471,2000
1397,1471,2000
1398,1471,2000
1398,1471,2000
1398,1470,2000
1399,1470,2000
1399,1470,2000
1399,1470,2000
1400,1470,2000
1400,1470,2000
1400,1469,2000
1401,1469,2000
1401,1469,2000
1401,1469,2000
1402,1469,2000
1402,1468,2000
1402,1468,2000
1403,1468,2000
1403,1468,2000
1403,1468,2000
1404,1468,2000
1404,1467,2000
1404,1467,2000
1405,1467,2000
1405,1467,2000
1405,1467,2000
1406,1467,2000
1406,1466,2000
1406,1466,2000
1407,1466,2000
1407,1466,2000
1407,1466,2000
1408,1466,2000
1408,1466,2000
1408,1465,2000
1409,1465,2000
1409,1465,2000
1409,1465,2000
1410,1465,2000
1410,1465,2000
1410,1464,2000
1411,1464,2000
1411,1464,2000
1411,1463,2000
1411,1463,2000
1411,1462,2000
1411,1462,2000
1411,1461,2000
1411,1461,2000
1411,1461,2000
1411,1460,2000
1411,1460,2000
1411,1459,2000
1411,1459,2000
1412,1458,2000
1412,1458,2000
1412,1457,2000
1412,1457,2000
1412,1457,2000
1412,1456,2000
1412,1456,2000
1412,1455,2000
1412,1455,2000
1412,1454,2000
1412,1454,2000
1412,1453,2000
1412,1453,2000
1412,1452,2000
1412,1452,2000
1413,1452,2000
1413,1451,2000
1413,1451,2000
1413,1450,2000
1413,1450,2000
1413,1449,2000
1413,1449,2000
1413,1448,2000
1413,1448,2000
1413,1447,2000
1413,1447,2000
1413,1447,2000
1413,1446,2000
1413,1446,2000
1413,1445,2000
1413,1445,2000
1413,1444,2000
1414,1444,2000
1414,1443,2000
1414,1443,2000
1414,1443,2000
1414,1442,2000
1414,1442,2000
1414,1441,2000
1413,1441,2000
1413,1440,2000
1413,1440,2000
1413,1439,2000
1413,1439,2000
1412,1438,2000
1412,1438,2000
1412,1437,2000
1412,1437,2000
1412,1436,2000
1411,1436,2000
1411,1435,2000
1411,1435,2000
1411,1434,2000
1411,1434,2000
1410,1433,2000
1410,1433,2000
1410,1432,2000
1410,1432,2000
1410,1431,2000
1409,1431,2000
1409,1430,2000
1409,1430,2000
1409,1430,2000
1408,1429,2000
1408,1429,2000
1408,1428,2000
1408,1428,2000
1408,1427,2000
1407,1427,2000
1407,1426,2000
1407,1426,2000
1407,1425,2000
1407,1425,2000
1406,1424,2000
1406,1424,2000
1406,1423,2000
1406,1423,2000
1406,1422,2000
1405,1422,2000
1405,1421,2000
1405,1421,2000
1405,1420,2000
1404,1420,2000
1404,1419,2000
1404,1419,2000
1404,1418,2000
1404,1418,2000
1403,1417,2000
1403,1417,2000
1403,1416,2000
1402,1416,2000
1402,1415,2000
1402,1415,2000
1401,1414,2000
1401,1414,2000
1401,1413,2000
1400,1413,2000
1400,1412,2000
1399,1412,2000
1399,1411,2000
1399,1411,2000
1398,1411,2000
1398,1410,2000
1398,1410,2000
1397,1409,2000
1397,1409,2000
1397,1408,2000
1396,1408,2000
1396,1407,2000
1395,1407,2000
1395,1406,2000
1395,1406,2000
1394,1405,2000
1394,1405,2000
1394,1404,2000
1393,1404,2000
1393,1403,2000
1392,1403,2000
1392,1402,2000
1392,1402,2000
1391,1401,2000
1391,1401,2000
1391,1400,2000
1390,1400,2000
1390,1399,2000
1390,1399,2000
1389,1398,2000
1389,1398,2000
1388,1397,2000
1388,1397,2000
1388,1396,2000
1387,1396,2000
1387,1395,2000
1387,1395,2000
1386,1394,2000
1386,1394,2000
1385,1393,2000
1385,1393,2000
1385,1393,2000
1384,1392,2000
1384,1392,2000
1383,1391,2000
1383,1391,2000
1383,1390,2000
1382,1390,2000
1382,1389,2000
1381,1389,2000
1381,1389,2000
1381,1388,2000
1380,1388,2000
1380,1387,2000
1379,1387,2000
1379,1386,2000
1379,1386,2000
1378,1385,2000
1378,1385,2000
1377,1385,2000
1377,1384,2000
1377,1384,2000
1376,1383,2000
1376,1383,2000
1375,1382,2000
1375,1382,2000
1375,1381,2000
1374,1381,2000
1374,1381,2000
1373,1380,2000
1373,1380,2000
1372,1379,2000
1372,1379,2000
1372,1378,2000
1371,1378,2000
1371,1377,2000
1370,1377,2000
1370,1377,2000
1370,1376,2000
1369,1376,2000
1369,1375,2000
1368,1375,2000
1368,1374,2000
1368,1374,2000
1367,1373,2000
1367,1373,2000
1366,1373,2000
1366,1372,2000
1365,1372,2000
1365,1371,2000
1365,1371,2000
1364,1371,2000
1364,1370,2000
1364,1370,2000
1364,1370,2000
1364,1370,2000
1363,1369,2000
1363,1369,2000
1363,1369,2000
1363,1369,2000
1363,1369,2000
1362,1368,2000
1362,1368,2000
1362,1368,2000
1362,1368,2000
1362,1367,2000
1361,1367,2000
1361,1367,2000
1361,1367,2000
1361,1367,2000
1361,1366,2000
1360,1366,2000
1360,1366,2000
1360,1366,2000
1360,1365,2000
1360,1365,2000
1359,1365,2000
1359,1365,2000
1359,1365,2000
1359,1364,2000
1358,1364,2000
1358,1364,2000
1358,1364,2000
1358,1363,2000
1358,1363,2000
1357,1363,2000
1357,1363,2000
1357,1363,2000
1357,1362,2000
1357,1362,2000
1356,1362,2000
1356,1362,2000
1356,1361,2000
1356,1361,2000
1356,1361,2000
1355,1361,2000
1355,1361,2000
1355,1360,2000
1355,1360,2000
1355,1360,2000
1354,1360,2000
1354,1360,2000
1354,1360,2000
1354,1360,2000
1354,1360,2000
1354,1360,2000
1354,1360,2000
1354,1360,2000
1354,1360,2000
1354,1360,2000
1354,1360,2000
1354,1360,2000
1354,1360,2000
1354,1360,2000
1354,1360,2000
1354,1360,2000
1354,1360,2000
1354,1360,2000
1354,1360,2000
1354,1360,2000
1354,1360,2000
1354,1360,2000
1354,1360,2000
1354,1360,2000
1354,1360,2000
1354,1360,2000
1354,1360,2000
1354,1360,2000
1354,1360,2000
1354,1360,2000
1354,1360,2000
1354,1360,2000
1354,1360,2000
1354,1360,2000
1354,1360,2000
1354,1360,2000
1354,1360,2000
1354,1360,2000
1354,1360,2000
1354,1360,2000
1354,1360,2000
1354,1360,2000
1354,1360,2000
1354,1360,2000
1354,1360,2000
1354,1360,2000
1354,1360,2000
1354,1360,2000
1354,1360,2000
1354,1360,2000
1354,1360,2000
1354,1360,2000
1354,1360,2000
1353,1360,2000
1353,1360,2000
1352,1360,2000
1352,1360,2000
1352,1360,2000
1351,1360,2000
1351,1360,2000
1351,1360,2000
1350,1360,2000
1350,1360,2000
1349,1360,2000
1349,1360,2000
1349,1360,2000
1348,1360,2000
1348,1360,2000
1347,1360,2000
1347,1360,2000
1347,1360,2000
1346,1360,2000
1346,1360,2000
1346,1360,2000
1345,1360,2000
1345,1360,2000
1344,1360,2000
1344,1360,2000
1344,1360,2000
1343,1360,2000
1343,1360,2000
1343,1360,2000
1342,1360,2000
1342,1360,2000
1341,1360,2000
1341,1360,2000
1341,1360,2000
1340,1360,2000
1340,1360,2000
1339,1360,2000
1339,1360,2000
1339,1360,2000
1338,1360,2000
1338,1360,2000
1338,1360,2000
1337,1360,2000
1337,1360,2000
1336,1360,2000
1336,1360,2000
1336,1360,2000
1335,1360,2000
1335,1360,2000
1335,1359,2000
1334,1359,2000
1334,1359,2000
1334,1359,2000
1333,1359,2000
1333,1359,2000
1332,1359,2000
1332,1359,2000
1332,1359,2000
1331,1359,2000
1331,1359,2000
1331,1359,2000
1330,1359,2000
1330,1359,2000
1330,1359,2000
1329,1359,2000
1329,1359,2000
1329,1359,2000
1328,1359,2000
1328,1359,2000
1328,1359,2000
1327,1359,2000
1327,1359,2000
1327,1359,2000
1326,1359,2000
1326,1359,2000
1326,1359,2000
1325,1359,2000
1325,1359,2000
1324,1359,2000
1324,1358,2000
1324,1358,2000
1323,1358,2000
1323,1358,2000
1323,1358,2000
1322,1358,2000
1322,1358,2000
1322,1358,2000
1321,1358,2000
1321,1358,2000
1321,1358,2000
1320,1358,2000
1320,1358,2000
1320,1358,2000
1319,1358,2000
1319,1358,2000
1319,1358,2000
1318,1358,2000
1318,1358,2000
1318,1358,2000
1317,1358,2000
1317,1358,2000
1317,1358,2000
1316,1358,2000
1316,1358,2000
1316,1358,2000
1316,1358,2000
1315,1358,2000
1315,1358,2000
1315,1359,2000
1314,1359,2000
1314,1359,2000
1314,1359,2000
1314,1359,2000
1313,1359,2000
1313,1359,2000
1313,1359,2000
1312,1359,2000
1312,1359,2000
1312,1359,2000
1312,1359,2000
1311,1359,2000
1311,1359,2000
1311,1359,2000
1311,1359,2000
1310,1359,2000
1310,1359,2000
1310,1359,2000
1309,1359,2000
1309,1359,2000
1309,1360,2000
1309,1360,2000
1308,1360,2000
1308,1360,2000
1308,1360,2000
1307,1360,2000
1307,1360,2000
1307,1360,2000
1307,1360,2000
1306,1360,2000
1306,1360,2000
1306,1360,2000
1305,1360,2000
1305,1360,2000
1305,1360,2000
1305,1360,2000
1304,1360,2000
1304,1360,2000
1304,1361,2000
1304,1361,2000
1304,1361,2000
1304,1361,2000
1304,1361,2000
1304,1361,2000
1304,1361,2000
1304,1361,2000
1304,1361,2000
1304,1361,2000
1304,1361,2000
1304,1361,2000
1304,1361,2000
1304,1361,2000
1304,1361,2000
1304,1361,2000
1304,1361,2000
1304,1361,2000
1304,1361,2000
1304,1361,2000
1304,1361,2000
1304,1361,2000
1304,1361,2000
1304,1361,2000
1304,1361,2000
1304,1361,2000
1304,1361,2000
1304,1361,2000
1304,1361,2000
1304,1361,2000
1304,1361,2000
1304,1361,2000
1304,1361,2000
1304,1361,2000
1304,1361,2000
1304,1361,2000
1304,1361,2000
1304,1361,2000
1304,1361,2000
1304,1361,2000
1304,1361,2000
1304,1361,2000
1304,1361,2000
1304,1361,2000
1304,1361,2000
1304,1361,2000
1304,1361,2000
1304,1361,2000
1304,1361,2000
1304,1361,2000
1304,1361,2000
1303,1361,2000
1303,1362,2000
1302,1362,2000
1302,1363,2000
1302,1363,2000
1301,1364,2000
1301,1364,2000
1300,1365,2000
1300,1365,2000
1300,1366,2000
1299,1366,2000
1299,1367,2000
1298,1367,2000
1298,1368,2000
1297,1369,2000
1297,1369,2000
1297,1370,2000
1296,1370,2000
1296,1371,2000
1295,1371,2000
1295,1372,2000
1294,1372,2000
1294,1373,2000
1294,1373,2000
1293,1374,2000
1293,1375,2000
1292,1375,2000
1292,1376,2000
1291,1376,2000
1291,1377,2000
1290,1377,2000
1290,1378,2000
1290,1378,2000
1289,1379,2000
1289,1380,2000
1288,1380,2000
1288,1381,2000
1287,1381,2000
1287,1382,2000
1286,1382,2000
1286,1383,2000
1286,1383,2000
1285,1384,2000
1285,1385,2000
1284,1385,2000
1284,1386,2000
1283,1386,2000
1283,1387,2000
1282,1387,2000
1282,1388,2000
1282,1389,2000
1282,1390,2000
1283,1390,2000
1283,1391,2000
1283,1392,2000
1284,1393,2000
1284,1393,2000
1284,1394,2000
1285,1395,2000
1285,1396,2000
1285,1397,2000
1285,1397,2000
1286,1398,2000
1286,1399,2000
1286,1400,2000
1287,1400,2000
1287,1401,2000
1287,1402,2000
1288,1403,2000
1288,1404,2000
1288,1404,2000
1288,1405,2000
1289,1406,2000
1289,1407,2000
1289,1408,2000
1290,1408,2000
1290,1409,2000
1290,1410,2000
1290,1411,2000
1291,1411,2000
1291,1412,2000
1291,1413,2000
1292,1414,2000
1292,1415,2000
1292,1415,2000
1292,1416,2000
1293,1417,2000
1293,1418,2000
1293,1419,2000
1294,1419,2000
1294,1420,2000
1294,1421,2000
1294,1422,2000
1295,1422,2000
1295,1423,2000
1295,1424,2000
1296,1425,2000
1296,1426,2000
1296,1426,2000
1296,1427,2000
1297,1428,2000
1297,1428,2000
1297,1428,2000
1298,1429,2000
1298,1429,2000
1299,1430,2000
1299,1430,2000
1299,1430,2000
1300,1431,2000
1300,1431,2000
1300,1431,2000
1301,1432,2000
1301,1432,2000
1302,1433,2000
1302,1433,2000
1302,1433,2000
1303,1434,2000
1303,1434,2000
1303,1435,2000
1304,1435,2000
1304,1435,2000
1305,1436,2000
1305,1436,2000
1305,1437,2000
1306,1437,2000
1306,1437,2000
1306,1438,2000
1307,1438,2000
1307,1439,2000
1308,1439,2000
1308,1439,2000
1308,1440,2000
1309,1440,2000
1309,1441,2000
1309,1441,2000
1310,1441,2000
1310,1442,2000
1311,1442,2000
1311,1443,2000
1311,1443,2000
1312,1443,2000
1312,1444,2000
1312,1444,2000
1313,1445,2000
1313,1445,2000
1313,1445,2000
1314,1446,2000
1314,1446,2000
1315,1447,2000
1315,1447,1000
1315,1447,1000
1315,1447,1000
