1546,1614,1000
1546,1614,2000
1551,1610,2000
1556,1607,2000
1561,1604,2000
1566,1601,2000
1571,1598,2000
1576,1595,2000
1581,1592,2000
1586,1589,2000
1591,1586,2000
1595,1584,2000
1600,1581,2000
1605,1579,2000
1610,1576,2000
1614,1574,2000
1619,1571,2000
1624,1569,2000
1628,1567,2000
1633,1565,2000
1637,1563,2000
1642,1561,2000
1638,1556,2000
1634,1552,2000
1630,1547,2000
1626,1543,2000
1621,1538,2000
1617,1533,2000
1613,1529,2000
1609,1524,2000
1605,1520,2000
1601,1515,2000
1596,1511,2000
1592,1506,2000
1588,1501,2000
1584,1497,2000
1579,1492,2000
1575,1488,2000
1571,1483,2000
1566,1479,2000
1562,1474,2000
1557,1470,1000
1560,1475,1000
1562,1481,1000
1565,1486,1000
1567,1492,1000
1569,1497,1000
1572,1503,1000
1574,1509,1000
1576,1514,1000
1578,1520,1000
1580,1525,1000
1582,1531,1000
1584,1536,1000
1585,1542,1000
1587,1547,1000
1589,1553,1000
1590,1558,1000
1592,1564,1000
1594,1569,1000
1595,1575,1000
1596,1580,2000
1593,1576,2000
1590,1572,2000
1586,1568,2000
1583,1564,2000
1579,1560,2000
1576,1556,2000
1572,1552,2000
1568,1548,2000
1565,1544,2000
1561,1540,2000
1558,1536,2000
1554,1532,2000
1550,1528,2000
1547,1524,2000
1543,1520,2000
1539,1516,2000
1536,1512,2000
1532,1508,2000
1528,1504,2000
1525,1500,1000
1526,1506,1000
1528,1511,1000
1530,1517,1000
1531,1522,1000
1533,1528,1000
1534,1533,1000
1535,1539,1000
1537,1544,1000
1538,1550,1000
1539,1555,1000
1540,1561,1000
1541,1567,1000
1542,1572,1000
1543,1578,1000
1544,1583,1000
1545,1589,1000
1546,1595,1000
1547,1600,1000
1548,1606,1000
1548,1612,2000
1545,1608,2000
1542,1604,2000
1539,1600,2000
1536,1597,2000
1533,1593,2000
1530,1589,2000
1527,1585,2000
1524,1582,2000
1520,1578,2000
1517,1574,2000
1514,1571,2000
1511,1567,2000
1508,1563,2000
1504,1560,2000
1501,1556,2000
1498,1552,2000
1495,1549,2000
1491,1545,2000
1488,1541,2000
1488,1541,1000
