1523,1656,2000
1521,1655,2000
1519,1655,2000
1517,1654,2000
1515,1653,2000
1513,1653,2000
1512,1652,2000
1510,1652,2000
1508,1651,2000
1506,1650,2000
1504,1650,2000
1502,1649,2000
1500,1649,2000
1498,1648,2000
1496,1648,2000
1494,1647,2000
1492,1646,2000
1491,1646,2000
1489,1645,2000
1487,1645,2000
1485,1644,2000
1483,1644,2000
1481,1643,2000
1479,1643,2000
1477,1642,2000
1475,1642,2000
1473,1641,2000
1471,1641,2000
1469,1640,2000
1467,1640,2000
1465,1639,2000
1464,1639,2000
1462,1638,2000
1460,1638,2000
1458,1637,2000
1456,1637,2000
1454,1637,2000
1452,1636,2000
1450,1636,2000
1448,1635,2000
1446,1635,2000
1444,1634,2000
1443,1634,2000
1442,1634,2000
1440,1634,2000
1439,1633,2000
1437,1633,2000
1436,1633,2000
1434,1632,2000
1433,1632,2000
1431,1632,2000
1430,1631,2000
1428,1631,2000
1427,1631,2000
1425,1631,2000
1424,1630,2000
1422,1630,2000
1421,1630,2000
1419,1630,2000
1418,1629,2000
1416,1629,2000
1415,1629,2000
1413,1629,2000
1412,1628,2000
1410,1628,2000
1409,1628,2000
1407,1628,2000
1406,1627,2000
1404,1627,2000
1403,1627,2000
1401,1627,2000
1400,1626,2000
1398,1626,2000
1397,1626,2000
1395,1626,2000
1393,1626,2000
1392,1625,2000
1390,1625,2000
1389,1625,2000
1387,1625,2000
1386,1625,2000
1384,1624,2000
1383,1624,2000
1381,1624,2000
1380,1624,2000
1379,1623,2000
1377,1623,2000
1376,1623,2000
1374,1623,2000
1373,1622,2000
1371,1622,2000
1370,1622,2000
1368,1622,2000
1367,1621,2000
1365,1621,2000
1364,1621,2000
1362,1621,2000
1361,1620,2000
1359,1620,2000
1358,1620,2000
1356,1620,2000
1355,1620,2000
1353,1619,2000
1352,1619,2000
1350,1619,2000
1349,1619,2000
1347,1619,2000
1346,1618,2000
1344,1618,2000
1343,1618,2000
1341,1618,2000
1340,1618,2000
1338,1618,2000
1337,1617,2000
1335,1617,2000
1334,1617,2000
1332,1617,2000
1331,1617,2000
1329,1617,2000
1327,1616,2000
1326,1616,2000
1324,1615,2000
1323,1614,2000
1321,1613,2000
1319,1612,2000
1318,1611,2000
1316,1609,2000
1314,1608,2000
1313,1607,2000
1311,1606,2000
1309,1605,2000
1308,1604,2000
1306,1603,2000
1304,1602,2000
1303,1601,2000
1301,1599,2000
1299,1598,2000
1298,1597,2000
1296,1596,2000
1294,1595,2000
1293,1594,2000
1291,1593,2000
1289,1592,2000
1288,1591,2000
1286,1590,2000
1284,1589,2000
1282,1588,2000
1281,1587,2000
1279,1585,2000
1277,1584,2000
1275,1583,2000
1274,1582,2000
1272,1581,2000
1270,1580,2000
1268,1579,2000
1267,1578,2000
1265,1577,2000
1263,1576,2000
1261,1575,2000
1260,1574,2000
1258,1573,2000
1258,1571,2000
1258,1569,2000
1258,1566,2000
1259,1564,2000
1259,1562,2000
1259,1560,2000
1259,1557,2000
1259,1555,2000
1260,1553,2000
1260,1551,2000
1260,1549,2000
1260,1546,2000
1260,1544,2000
1260,1542,2000
1260,1540,2000
1260,1538,2000
1260,1536,2000
1260,1533,2000
1261,1531,2000
1261,1529,2000
1261,1527,2000
1261,1525,2000
1261,1523,2000
1261,1521,2000
1261,1518,2000
1261,1516,2000
1261,1514,2000
1261,1512,2000
1261,1510,2000
1261,1508,2000
1261,1506,2000
1261,1504,2000
1261,1502,2000
1261,1500,2000
1260,1498,2000
1260,1495,2000
1260,1493,2000
1260,1491,2000
1260,1489,2000
1260,1487,2000
1260,1486,2000
1260,1484,2000
1260,1483,2000
1260,1482,2000
1260,1480,2000
1260,1479,2000
1260,1477,2000
1260,1476,2000
1260,1475,2000
1260,1473,2000
1260,1472,2000
1260,1470,2000
1260,1469,2000
1259,1468,2000
1259,1466,2000
1259,1465,2000
1259,1463,2000
1259,1462,2000
1259,1461,2000
1259,1459,2000
1259,1458,2000
1259,1456,2000
1259,1455,2000
1259,1454,2000
1259,1452,2000
1258,1451,2000
1258,1449,2000
1258,1448,2000
1258,1447,2000
1258,1445,2000
1258,1444,2000
1258,1443,2000
1258,1441,2000
1258,1440,2000
1257,1438,2000
1257,1437,2000
1257,1436,2000
1257,1434,2000
1257,1433,2000
1257,1432,2000
1256,1430,2000
1255,1428,2000
1255,1427,2000
1254,1425,2000
1253,1423,2000
1252,1422,2000
1252,1420,2000
1251,1418,2000
1250,1417,2000
1249,1415,2000
1249,1414,2000
1248,1412,2000
1247,1410,2000
1246,1409,2000
1246,1407,2000
1245,1405,2000
1244,1404,2000
1243,1402,2000
1243,1400,2000
1242,1399,2000
1241,1397,2000
1240,1396,2000
1239,1394,2000
1239,1392,2000
1238,1391,2000
1237,1389,2000
1236,1388,2000
1235,1386,2000
1235,1384,2000
1234,1383,2000
1233,1381,2000
1232,1379,2000
1231,1378,2000
1231,1376,2000
1230,1375,2000
1229,1373,2000
1228,1371,2000
1227,1370,2000
1226,1368,2000
1225,1367,2000
1227,1367,2000
1228,1366,2000
1230,1366,2000
1231,1366,2000
1232,1366,2000
1234,1366,2000
1235,1366,2000
1237,1366,2000
1238,1366,2000
1239,1366,2000
1241,1366,2000
1242,1366,2000
1243,1366,2000
1245,1365,2000
1246,1365,2000
1247,1365,2000
1249,1365,2000
1250,1365,2000
1251,1365,2000
1253,1365,2000
1254,1365,2000
1256,1365,2000
1257,1365,2000
1258,1365,2000
1260,1365,2000
1261,1365,2000
1262,1365,2000
1264,1365,2000
1265,1365,2000
1266,1365,2000
1268,1365,2000
1269,1365,2000
1270,1365,2000
1272,1365,2000
1273,1365,2000
1274,1365,2000
1276,1365,2000
1277,1365,2000
1278,1365,2000
1279,1365,2000
1281,1366,2000
1282,1367,2000
1283,1369,2000
1285,1370,2000
1286,1371,2000
1287,1373,2000
1288,1374,2000
1290,1375,2000
1291,1376,2000
1292,1378,2000
1293,1379,2000
1295,1380,2000
1296,1382,2000
1297,1383,2000
1298,1384,2000
1300,1386,2000
1301,1387,2000
1302,1388,2000
1303,1389,2000
1305,1391,2000
1306,1392,2000
1307,1393,2000
1308,1395,2000
1310,1396,2000
1311,1397,2000
1312,1399,2000
1313,1400,2000
1315,1401,2000
1316,1403,2000
1317,1404,2000
1318,1405,2000
1320,1407,2000
1321,1408,2000
1322,1409,2000
1323,1411,2000
1324,1412,2000
1326,1413,2000
1327,1415,2000
1328,1416,2000
1329,1417,2000
1330,1418,2000
1330,1419,2000
1331,1420,2000
1332,1422,2000
1332,1423,2000
1333,1424,2000
1333,1425,2000
1334,1426,2000
1335,1427,2000
1335,1428,2000
1336,1429,2000
1336,1430,2000
1337,1431,2000
1338,1432,2000
1338,1433,2000
1339,1434,2000
1339,1435,2000
1340,1437,2000
1340,1438,2000
1341,1439,2000
1342,1440,2000
1342,1441,2000
1343,1442,2000
1343,1443,2000
1344,1444,2000
1345,1445,2000
1345,1446,2000
1346,1447,2000
1346,1448,2000
1347,1449,2000
1347,1451,2000
1348,1452,2000
1348,1453,2000
1349,1454,2000
1350,1455,2000
1350,1456,2000
1351,1457,2000
1351,1458,2000
1352,1459,2000
1352,1460,2000
1354,1462,2000
1355,1464,2000
1357,1466,2000
1358,1467,2000
1360,1469,2000
1361,1471,2000
1363,1473,2000
1364,1475,2000
1365,1476,2000
1367,1478,2000
1368,1480,2000
1370,1482,2000
1371,1484,2000
1372,1485,2000
1374,1487,2000
1375,1489,2000
1377,1491,2000
1378,1493,2000
1380,1494,2000
1381,1496,2000
1382,1498,2000
1384,1500,2000
1385,1502,2000
1386,1503,2000
1388,1505,2000
1389,1507,2000
1391,1509,2000
1392,1511,2000
1393,1513,2000
1395,1514,2000
1396,1516,2000
1397,1518,2000
1399,1520,2000
1400,1522,2000
1401,1524,2000
1403,1526,2000
1404,1527,2000
1405,1529,2000
1407,1531,2000
1408,1533,2000
1409,1534,2000
1410,1534,2000
1411,1535,2000
1412,1536,2000
1413,1536,2000
1414,1537,2000
1415,1538,2000
1416,1539,2000
1418,1539,2000
1419,1540,2000
1420,1541,2000
1421,1541,2000
1422,1542,2000
1423,1543,2000
1424,1543,2000
1425,1544,2000
1426,1545,2000
1427,1546,2000
1428,1546,2000
1429,1547,2000
1430,1548,2000
1431,1548,2000
1432,1549,2000
1433,1550,2000
1434,1551,2000
1435,1551,2000
1437,1552,2000
1438,1553,2000
1439,1553,2000
1440,1554,2000
1441,1555,2000
1442,1556,2000
1443,1556,2000
1444,1557,2000
1445,1558,2000
1446,1559,2000
1447,1559,2000
1448,1560,2000
1449,1561,2000
1450,1561,2000
1451,1562,2000
1452,1562,2000
1454,1563,2000
1455,1563,2000
1456,1564,2000
1457,1564,2000
1458,1565,2000
1460,1565,2000
1461,1566,2000
1462,1566,2000
1463,1567,2000
1464,1567,2000
1465,1568,2000
1467,1568,2000
1468,1569,2000
1469,1569,2000
1470,1570,2000
1471,1570,2000
1472,1571,2000
1474,1571,2000
1475,1572,2000
1476,1572,2000
1477,1573,2000
1478,1573,2000
1479,1574,2000
1481,1575,2000
1482,1575,2000
1483,1576,2000
1484,1576,2000
1485,1577,2000
1486,1577,2000
1488,1578,2000
1489,1578,2000
1490,1579,2000
1491,1579,2000
1492,1580,2000
1493,1580,2000
1495,1581,2000
1496,1581,2000
1497,1582,2000
1497,1583,2000
1498,1584,2000
1498,1585,2000
1498,1586,2000
1499,1586,2000
1499,1587,2000
1500,1588,2000
1500,1589,2000
1500,1590,2000
1501,1591,2000
1501,1592,2000
1502,1593,2000
1502,1593,2000
1502,1594,2000
1503,1595,2000
1503,1596,2000
1504,1597,2000
1504,1598,2000
1504,1599,2000
1505,1600,2000
1505,1601,2000
1506,1601,2000
1506,1602,2000
1506,1603,2000
1507,1604,2000
1507,1605,2000
1507,1606,2000
1508,1607,2000
1508,1608,2000
1509,1609,2000
1509,1609,2000
1509,1610,2000
1510,1611,2000
1510,1612,2000
1510,1613,2000
1511,1614,2000
1511,1615,2000
1512,1616,2000
1512,1617,2000
1512,1617,2000
1512,1618,2000
1513,1619,2000
1513,1620,2000
1513,1621,2000
1513,1622,2000
1513,1623,2000
1513,1624,2000
1513,1625,2000
1514,1626,2000
1514,1627,2000
1514,1628,2000
1514,1629,2000
1514,1629,2000
1514,1630,2000
1514,1631,2000
1515,1632,2000
1515,1633,2000
1515,1634,2000
1515,1635,2000
1515,1636,2000
1515,1637,2000
1515,1638,2000
1515,1639,2000
1516,1640,2000
1516,1641,2000
1516,1642,2000
1516,1643,2000
1516,1644,2000
1516,1644,2000
1516,1645,2000
1516,1646,2000
1517,1647,2000
1517,1648,2000
1517,1649,2000
1517,1650,2000
1517,1651,2000
1517,1652,2000
1517,1653,2000
1517,1654,2000
1517,1655,2000
1516,1655,2000
1515,1654,2000
1514,1654,2000
1513,1654,2000
1512,1653,2000
1511,1653,2000
1510,1653,2000
1509,1652,2000
1508,1652,2000
1507,1652,2000
1505,1651,2000
1504,1651,2000
1503,1651,2000
1502,1650,2000
1501,1650,2000
1500,1650,2000
1499,1650,2000
1498,1649,2000
1497,1649,2000
1496,1649,2000
1494,1648,2000
1493,1648,2000
1492,1648,2000
1491,1647,2000
1490,1647,2000
1489,1647,2000
1488,1647,2000
1487,1646,2000
1486,1646,2000
1485,1646,2000
1484,1645,2000
1482,1645,2000
1481,1645,2000
1480,1645,2000
1479,1644,2000
1478,1644,2000
1477,1644,2000
1476,1644,2000
1475,1643,2000
1474,1643,1000
1471,1643,1000
1469,1642,1000
1467,1642,1000
1465,1641,1000
1463,1641,1000
1461,1640,1000
1458,1640,1000
1456,1640,1000
1454,1639,1000
1452,1639,1000
1450,1639,1000
1448,1638,1000
1445,1638,1000
1443,1637,1000
1441,1637,1000
1439,1637,1000
1437,1636,1000
1434,1636,1000
1432,1636,1000
1430,1635,1000
1428,1635,1000
1426,1635,1000
1423,1635,1000
1421,1634,1000
1419,1634,1000
1417,1634,1000
1414,1633,1000
1412,1633,1000
1410,1633,1000
1408,1633,1000
1405,1633,1000
1403,1632,1000
1401,1632,1000
1399,1632,1000
1396,1632,1000
1394,1631,1000
1392,1631,1000
1390,1631,1000
1387,1631,1000
1385,1631,2000
1384,1629,2000
1383,1627,2000
1382,1625,2000
1381,1623,2000
1380,1621,2000
1378,1619,2000
1377,1617,2000
1376,1615,2000
1375,1613,2000
1374,1611,2000
1373,1609,2000
1372,1607,2000
1371,1606,2000
1370,1604,2000
1368,1602,2000
1367,1600,2000
1366,1598,2000
1365,1596,2000
1364,1594,2000
1363,1592,2000
1361,1590,2000
1360,1588,2000
1359,1587,2000
1358,1585,2000
1357,1583,2000
1355,1581,2000
1354,1579,2000
1353,1577,2000
1352,1575,2000
1351,1573,2000
1349,1572,2000
1348,1570,2000
1347,1568,2000
1346,1566,2000
1345,1564,2000
1343,1562,2000
1342,1561,2000
1341,1559,2000
1340,1557,2000
1338,1555,2000
1336,1554,2000
1334,1554,2000
1332,1553,2000
1330,1553,2000
1328,1552,2000
1326,1552,2000
1324,1551,2000
1322,1551,2000
1320,1550,2000
1318,1550,2000
1316,1549,2000
1314,1549,2000
1312,1548,2000
1310,1548,2000
1308,1547,2000
1306,1547,2000
1304,1546,2000
1302,1546,2000
1300,1546,2000
1298,1545,2000
1296,1545,2000
1293,1544,2000
1291,1544,2000
1289,1543,2000
1287,1543,2000
1285,1543,2000
1283,1542,2000
1281,1542,2000
1279,1541,2000
1277,1541,2000
1275,1541,2000
1272,1540,2000
1270,1540,2000
1268,1539,2000
1266,1539,2000
1264,1539,2000
1262,1538,2000
1259,1538,2000
1257,1538,2000
1255,1537,1000
1260,1538,1000
1265,1538,1000
1271,1539,1000
1276,1539,1000
1281,1540,1000
1286,1540,1000
1291,1541,1000
1296,1541,1000
1301,1542,1000
1305,1543,1000
1310,1544,1000
1315,1544,1000
1320,1545,1000
1325,1546,1000
1330,1547,1000
1334,1548,1000
1339,1549,1000
1344,1550,1000
1349,1551,1000
1353,1552,1000
1358,1553,1000
1363,1554,1000
1367,1555,1000
1372,1556,1000
1377,1557,1000
1381,1558,1000
1386,1559,1000
1390,1561,1000
1395,1562,1000
1399,1563,1000
1404,1564,1000
1409,1566,1000
1413,1567,1000
1418,1568,1000
1422,1570,1000
1427,1571,1000
1431,1573,1000
1435,1574,1000
1440,1576,1000
1444,1577,2000
1446,1576,2000
1447,1575,2000
1449,1574,2000
1451,1573,2000
1452,1572,2000
1454,1571,2000
1455,1570,2000
1457,1569,2000
1458,1568,2000
1460,1567,2000
1461,1566,2000
1463,1565,2000
1464,1564,2000
1466,1563,2000
1467,1562,2000
1469,1561,2000
1470,1560,2000
1472,1559,2000
1473,1558,2000
1475,1557,2000
1476,1556,2000
1478,1555,2000
1479,1554,2000
1481,1553,2000
1482,1552,2000
1484,1551,2000
1485,1550,2000
1486,1549,2000
1488,1549,2000
1489,1548,2000
1491,1547,2000
1492,1546,2000
1494,1545,2000
1495,1544,2000
1496,1543,2000
1498,1542,2000
1499,1542,2000
1501,1541,2000
1502,1540,2000
1503,1539,2000
1504,1538,2000
1505,1538,2000
1506,1537,2000
1507,1537,2000
1508,1536,2000
1509,1535,2000
1510,1535,2000
1511,1534,2000
1512,1534,2000
1513,1533,2000
1514,1532,2000
1515,1532,2000
1516,1531,2000
1517,1531,2000
1517,1530,2000
1518,1530,2000
1519,1529,2000
1520,1528,2000
1521,1528,2000
1522,1527,2000
1523,1527,2000
1524,1526,2000
1525,1526,2000
1526,1525,2000
1527,1525,2000
1528,1524,2000
1528,1523,2000
1529,1523,2000
1530,1522,2000
1531,1522,2000
1532,1521,2000
1533,1521,2000
1534,1520,2000
1535,1520,2000
1536,1519,2000
1537,1519,2000
1537,1518,2000
1538,1518,2000
1539,1517,2000
1540,1517,2000
1540,1516,2000
1541,1514,2000
1541,1513,2000
1541,1512,2000
1542,1511,2000
1542,1510,2000
1542,1509,2000
1543,1508,2000
1543,1507,2000
1543,1506,2000
1544,1505,2000
1544,1504,2000
1544,1503,2000
1545,1502,2000
1545,1500,2000
1545,1499,2000
1546,1498,2000
1546,1497,2000
1546,1496,2000
1546,1495,2000
1547,1494,2000
1547,1493,2000
1547,1492,2000
1548,1491,2000
1548,1490,2000
1548,1489,2000
1548,1488,2000
1549,1487,2000
1549,1486,2000
1549,1485,2000
1549,1484,2000
1550,1482,2000
1550,1481,2000
1550,1480,2000
1550,1479,2000
1551,1478,2000
1551,1477,2000
1551,1476,2000
1551,1475,2000
1551,1474,2000
1551,1473,2000
1552,1472,2000
1552,1471,2000
1552,1470,2000
1552,1469,2000
1552,1468,2000
1552,1467,2000
1552,1465,2000
1552,1464,2000
1552,1463,2000
1552,1462,2000
1552,1461,2000
1552,1460,2000
1552,1459,2000
1552,1458,2000
1552,1457,2000
1552,1456,2000
1552,1455,2000
1552,1454,2000
1552,1452,2000
1552,1451,2000
1552,1450,2000
1552,1449,2000
1552,1448,2000
1552,1447,2000
1552,1446,2000
1552,1445,2000
1552,1444,2000
1552,1443,2000
1552,1442,2000
1552,1441,2000
1552,1440,2000
1552,1439,2000
1552,1437,2000
1552,1436,2000
1552,1435,2000
1552,1434,2000
1552,1433,2000
1552,1432,2000
1552,1431,2000
1551,1430,2000
1550,1429,2000
1550,1429,2000
1549,1428,2000
1548,1427,2000
1547,1426,2000
1546,1425,2000
1545,1425,2000
1545,1424,2000
1544,1423,2000
1543,1422,2000
1542,1421,2000
1541,1421,2000
1541,1420,2000
1540,1419,2000
1539,1418,2000
1538,1417,2000
1537,1417,2000
1537,1416,2000
1536,1415,2000
1535,1414,2000
1534,1413,2000
1533,1413,2000
1532,1412,2000
1532,1411,2000
1531,1410,2000
1530,1409,2000
1529,1409,2000
1528,1408,2000
1528,1407,2000
1527,1406,2000
1526,1405,2000
1525,1405,2000
1524,1404,2000
1523,1403,2000
1523,1402,2000
1522,1401,2000
1521,1401,2000
1520,1400,2000
1519,1399,2000
1518,1398,2000
1516,1397,2000
1515,1396,2000
1514,1395,2000
1512,1394,2000
1511,1394,2000
1509,1393,2000
1508,1392,2000
1506,1391,2000
1505,1390,2000
1503,1389,2000
1502,1388,2000
1500,1388,2000
1499,1387,2000
1498,1386,2000
1496,1385,2000
1495,1384,2000
1493,1383,2000
1492,1382,2000
1490,1382,2000
1489,1381,2000
1487,1380,2000
1486,1379,2000
1484,1378,2000
1483,1377,2000
1482,1377,2000
1480,1376,2000
1479,1375,2000
1477,1374,2000
1476,1373,2000
1474,1373,2000
1473,1372,2000
1472,1371,2000
1470,1370,2000
1469,1369,2000
1467,1369,2000
1466,1368,2000
1464,1367,2000
1463,1366,2000
1461,1365,2000
1460,1365,2000
1459,1365,2000
1457,1365,2000
1456,1365,2000
1454,1365,2000
1453,1365,2000
1452,1365,2000
1450,1365,2000
1449,1365,2000
1447,1365,2000
1446,1365,2000
1444,1365,2000
1443,1365,2000
1442,1365,2000
1440,1365,2000
1439,1365,2000
1437,1365,2000
1436,1366,2000
1434,1366,2000
1433,1366,2000
1432,1366,2000
1430,1366,2000
1429,1366,2000
1427,1366,2000
1426,1366,2000
1424,1366,2000
1423,1366,2000
1422,1366,2000
1420,1366,2000
1419,1367,2000
1417,1367,2000
1416,1367,2000
1414,1367,2000
1413,1367,2000
1411,1367,2000
1410,1367,2000
1409,1367,2000
1407,1368,2000
1406,1368,2000
1404,1368,2000
1403,1369,2000
1403,1369,2000
1402,1370,2000
1401,1371,2000
1401,1372,2000
1400,1372,2000
1399,1373,2000
1398,1374,2000
1398,1375,2000
1397,1375,2000
1396,1376,2000
1395,1377,2000
1395,1378,2000
1394,1378,2000
1393,1379,2000
1392,1380,2000
1391,1381,2000
1391,1381,2000
1390,1382,2000
1389,1383,2000
1388,1384,2000
1388,1384,2000
1387,1385,2000
1386,1386,2000
1385,1387,2000
1384,1388,2000
1384,1388,2000
1383,1389,2000
1382,1390,2000
1381,1391,2000
1380,1391,2000
1380,1392,2000
1379,1393,2000
1378,1394,2000
1377,1395,2000
1376,1395,2000
1376,1396,2000
1375,1397,2000
1374,1398,2000
1373,1399,2000
1372,1400,2000
1371,1400,2000
1370,1401,2000
1369,1402,2000
1368,1403,2000
1367,1404,2000
1366,1404,2000
1365,1405,2000
1364,1406,2000
1363,1407,2000
1362,1408,2000
1361,1409,2000
1360,1409,2000
1359,1410,2000
1358,1411,2000
1357,1412,2000
1356,1413,2000
1355,1414,2000
1354,1414,2000
1353,1415,2000
1352,1416,2000
1351,1417,2000
1350,1418,2000
1349,1419,2000
1348,1420,2000
1347,1421,2000
1346,1421,2000
1345,1422,2000
1344,1423,2000
1343,1424,2000
1342,1425,2000
1341,1426,2000
1340,1427,2000
1338,1428,2000
1337,1429,2000
1336,1430,2000
1335,1430,2000
1334,1431,2000
1333,1432,2000
1332,1433,1000
1336,1435,1000
1340,1438,1000
1344,1440,1000
1348,1442,1000
1352,1444,1000
1355,1446,1000
1359,1449,1000
1363,1451,1000
1367,1453,1000
1371,1456,1000
1375,1458,1000
1379,1460,1000
1383,1463,1000
1386,1465,1000
1390,1468,1000
1394,1470,1000
1398,1472,1000
1402,1475,1000
1406,1477,1000
1409,1480,1000
1413,1482,1000
1417,1485,1000
1421,1487,1000
1425,1490,1000
1428,1492,1000
1432,1495,1000
1436,1498,1000
1440,1500,1000
1443,1503,1000
1447,1505,1000
1451,1508,1000
1455,1511,1000
1458,1513,1000
1462,1516,1000
1466,1519,1000
1469,1521,1000
1473,1524,1000
1477,1527,1000
1481,1530,1000
1484,1532,2000
1484,1532,2000
1483,1531,2000
1483,1531,2000
1482,1530,2000
1481,1529,2000
1481,1529,2000
1480,1528,2000
1480,1527,2000
1479,1527,2000
1478,1526,2000
1478,1526,2000
1477,1525,2000
1477,1524,2000
1476,1524,2000
1475,1523,2000
1475,1522,2000
1474,1522,2000
1474,1521,2000
1473,1521,2000
1473,1520,2000
1472,1519,2000
1471,1519,2000
1471,1518,2000
1470,1517,2000
1470,1517,2000
1469,1516,2000
1468,1516,2000
1468,1515,2000
1467,1514,2000
1467,1514,2000
1466,1513,2000
1465,1513,2000
1465,1512,2000
1464,1511,2000
1464,1511,2000
1463,1510,2000
1462,1509,2000
1462,1509,2000
1461,1508,2000
1461,1508,2000
1461,1508,2000
1461,1508,2000
1461,1508,2000
1461,1508,2000
1461,1508,2000
1461,1508,2000
1462,1508,2000
1462,1508,2000
1462,1508,2000
1462,1508,2000
1462,1508,2000
1462,1508,2000
1462,1508,2000
1463,1508,2000
1463,1508,2000
1463,1508,2000
1463,1508,2000
1463,1508,2000
1463,1508,2000
1463,1508,2000
1464,1508,2000
1464,1508,2000
1464,1508,2000
1464,1508,2000
1464,1508,2000
1464,1508,2000
1464,1508,2000
1464,1508,2000
1465,1508,2000
1465,1508,2000
1465,1508,2000
1465,1508,2000
1465,1508,2000
1465,1508,2000
1465,1508,2000
1466,1508,2000
1466,1508,2000
1466,1509,2000
1466,1509,2000
1466,1509,2000
1467,1509,2000
1468,1509,2000
1469,1510,2000
1470,1510,2000
1471,1511,2000
1472,1511,2000
1473,1512,2000
1474,1512,2000
1475,1512,2000
1476,1513,2000
1477,1513,2000
1478,1514,2000
1479,1514,2000
1480,1515,2000
1481,1515,2000
1482,1516,2000
1483,1516,2000
1484,1517,2000
1485,1517,2000
1486,1517,2000
1487,1518,2000
1487,1518,2000
1488,1519,2000
1489,1519,2000
1490,1520,2000
1491,1520,2000
1492,1521,2000
1493,1521,2000
1494,1522,2000
1495,1522,2000
1496,1523,2000
1497,1523,2000
1498,1523,2000
1499,1524,2000
1500,1524,2000
1501,1525,2000
1502,1525,2000
1503,1526,2000
1504,1526,2000
1505,1527,2000
1505,1527,2000
1504,1527,2000
1504,1527,2000
1503,1527,2000
1503,1528,2000
1503,1528,2000
1502,1528,2000
1502,1528,2000
1502,1528,2000
1501,1528,2000
1501,1529,2000
1500,1529,2000
1500,1529,2000
1500,1529,2000
1499,1529,2000
1499,1529,2000
1499,1530,2000
1498,1530,2000
1498,1530,2000
1497,1530,2000
1497,1530,2000
1497,1530,2000
1496,1531,2000
1496,1531,2000
1495,1531,2000
1495,1531,2000
1495,1531,2000
1494,1531,2000
1494,1532,2000
1494,1532,2000
1493,1532,2000
1493,1532,2000
1492,1532,2000
1492,1533,2000
1492,1533,2000
1491,1533,2000
1491,1533,2000
1490,1533,2000
1490,1533,2000
1490,1534,1000
1488,1532,1000
1486,1530,1000
1484,1528,1000
1482,1526,1000
1480,1525,1000
1478,1523,1000
1477,1521,1000
1475,1519,1000
1473,1518,1000
1471,1516,1000
1469,1514,1000
1467,1512,1000
1465,1511,1000
1463,1509,1000
1461,1507,1000
1459,1505,1000
1457,1504,1000
1456,1502,1000
1454,1500,1000
1452,1498,1000
1450,1497,1000
1448,1495,1000
1446,1493,1000
1444,1492,1000
1442,1490,1000
1440,1488,1000
1438,1486,1000
1436,1485,1000
1434,1483,1000
1432,1481,1000
1430,1480,1000
1428,1478,1000
1426,1476,1000
1424,1475,1000
1422,1473,1000
1420,1471,1000
1419,1470,1000
1417,1468,1000
1415,1466,1000
1413,1465,2000
1413,1464,2000
1413,1464,2000
1414,1463,2000
1414,1463,2000
1415,1463,2000
1415,1462,2000
1415,1462,2000
1416,1461,2000
1416,1461,2000
1417,1461,2000
1417,1460,2000
1417,1460,2000
1418,1459,2000
1418,1459,2000
1419,1459,2000
1419,1458,2000
1419,1458,2000
1420,1457,2000
1420,1457,2000
1420,1457,2000
1421,1456,2000
1421,1456,2000
1422,1455,2000
1422,1455,2000
1422,1455,2000
1423,1454,2000
1423,1454,2000
1424,1453,2000
1424,1453,2000
1424,1453,2000
1425,1452,2000
1425,1452,2000
1425,1452,2000
1426,1451,2000
1426,1451,2000
1427,1450,2000
1427,1450,2000
1427,1450,2000
1428,1449,2000
1428,1449,2000
1428,1449,2000
1427,1448,2000
1426,1448,2000
1426,1448,2000
1425,1447,2000
1425,1447,2000
1424,1446,2000
1423,1446,2000
1423,1446,2000
1422,1445,2000
1422,1445,2000
1421,1445,2000
1421,1444,2000
1420,1444,2000
1419,1444,2000
1419,1443,2000
1418,1443,2000
1418,1443,2000
1417,1442,2000
1416,1442,2000
1416,1442,2000
1415,1441,2000
1415,1441,2000
1414,1441,2000
1414,1440,2000
1413,1440,2000
1412,1440,2000
1412,1439,2000
1411,1439,2000
1411,1439,2000
1410,1438,2000
1409,1438,2000
1409,1438,2000
1408,1437,2000
1408,1437,2000
1407,1437,2000
1406,1436,2000
1406,1436,2000
1405,1436,2000
1405,1435,2000
1405,1436,2000
1405,1436,2000
1404,1437,2000
1404,1437,2000
1404,1438,2000
1404,1438,2000
1404,1438,2000
1404,1439,2000
1404,1439,2000
1404,1440,2000
1404,1440,2000
1403,1441,2000
1403,1441,2000
1403,1441,2000
1403,1442,2000
1403,1442,2000
1403,1443,2000
1403,1443,2000
1403,1444,2000
1402,1444,2000
1402,1445,2000
1402,1445,2000
1402,1445,2000
1402,1446,2000
1402,1446,2000
1402,1447,2000
1402,1447,2000
1402,1448,2000
1401,1448,2000
1401,1448,2000
1401,1449,2000
1401,1449,2000
1401,1450,2000
1401,1450,2000
1401,1451,2000
1401,1451,2000
1400,1451,2000
1400,1452,2000
1400,1452,2000
1400,1453,2000
1400,1453,2000
1401,1453,2000
1401,1453,2000
1401,1453,2000
1402,1454,2000
1402,1454,2000
1402,1454,2000
1402,1454,2000
1403,1454,2000
1403,1454,2000
1403,1455,2000
1404,1455,2000
1404,1455,2000
1404,1455,2000
1404,1455,2000
1405,1455,2000
1405,1456,2000
1405,1456,2000
1406,1456,2000
1406,1456,2000
1406,1456,2000
1407,1456,2000
1407,1457,2000
1407,1457,2000
1407,1457,2000
1408,1457,2000
1408,1457,2000
1408,1457,2000
1409,1458,2000
1409,1458,2000
1409,1458,2000
1409,1458,2000
1410,1458,2000
1410,1458,2000
1410,1458,2000
1411,1459,2000
1411,1459,2000
1411,1459,2000
1411,1459,2000
1412,1459,1000
1415,1459,1000
1418,1459,1000
1421,1459,1000
1424,1459,1000
1427,1459,1000
1430,1459,1000
1433,1459,1000
1436,1459,1000
1439,1459,1000
1442,1459,1000
1445,1460,1000
1449,1460,1000
1452,1460,1000
1455,1460,1000
1458,1460,1000
1461,1460,1000
1464,1461,1000
1467,1461,1000
1470,1461,1000
1473,1461,1000
1476,1462,1000
1479,1462,1000
1482,1462,1000
1485,1463,1000
1488,1463,1000
1491,1463,1000
1494,1464,1000
1497,1464,1000
1500,1464,1000
1503,1465,1000
1506,1465,1000
1509,1466,1000
1512,1466,1000
1515,1467,1000
1518,1467,1000
1521,1468,1000
1524,1468,1000
1527,1469,1000
1530,1469,1000
1533,1470,2000
1532,1469,2000
1531,1468,2000
1530,1467,2000
1530,1466,2000
1529,1465,2000
1528,1464,2000
1527,1463,2000
1526,1462,2000
1525,1461,2000
1524,1460,2000
1523,1459,2000
1522,1457,2000
1521,1456,2000
1520,1455,2000
1519,1454,2000
1518,1453,2000
1517,1452,2000
1516,1451,2000
1515,1450,2000
1514,1449,2000
1513,1448,2000
1512,1447,2000
1512,1446,2000
1511,1445,2000
1510,1444,2000
1509,1443,2000
1508,1442,2000
1507,1441,2000
1506,1440,2000
1505,1439,2000
1504,1438,2000
1503,1437,2000
1502,1435,2000
1501,1434,2000
1500,1433,2000
1499,1432,2000
1498,1431,2000
1497,1430,2000
1496,1429,2000
1495,1428,1000
1497,1428,1000
1498,1428,1000
1499,1427,1000
1501,1427,1000
1502,1427,1000
1503,1426,1000
1505,1426,1000
1506,1426,1000
1508,1425,1000
1509,1425,1000
1510,1425,1000
1512,1425,1000
1513,1424,1000
1515,1424,1000
1516,1424,1000
1517,1424,1000
1519,1423,1000
1520,1423,1000
1521,1423,1000
1523,1423,1000
1524,1423,1000
1525,1422,1000
1527,1422,1000
1528,1422,1000
1530,1422,1000
1531,1422,1000
1532,1421,1000
1534,1421,1000
1535,1421,1000
1536,1421,1000
1538,1421,1000
1539,1421,1000
1540,1421,1000
1542,1420,1000
1543,1420,1000
1544,1420,1000
1546,1420,1000
1547,1420,1000
1548,1420,1000
1550,1420,2000
1551,1418,2000
1553,1417,2000
1554,1416,2000
1555,1414,2000
1557,1413,2000
1558,1411,2000
1559,1410,2000
1560,1409,2000
1562,1408,2000
1563,1406,2000
1564,1405,2000
1565,1404,2000
1566,1402,2000
1568,1401,2000
1569,1400,2000
1570,1399,2000
1571,1398,2000
1572,1396,2000
1573,1395,2000
1574,1394,2000
1576,1393,2000
1577,1392,2000
1578,1391,2000
1579,1390,2000
1580,1388,2000
1581,1387,2000
1582,1386,2000
1583,1385,2000
1584,1384,2000
1584,1383,2000
1585,1382,2000
1586,1381,2000
1587,1380,2000
1588,1379,2000
1589,1378,2000
1590,1377,2000
1591,1377,2000
1591,1376,2000
1592,1375,2000
1593,1374,2000
1594,1375,2000
1594,1377,2000
1595,1378,2000
1595,1380,2000
1596,1381,2000
1597,1382,2000
1597,1384,2000
1598,1385,2000
1598,1386,2000
1599,1388,2000
1599,1389,2000
1600,1391,2000
1600,1392,2000
1601,1393,2000
1601,1395,2000
1602,1396,2000
1602,1397,2000
1603,1399,2000
1603,1400,2000
1604,1402,2000
1604,1403,2000
1605,1404,2000
1605,1406,2000
1606,1407,2000
1606,1408,2000
1606,1410,2000
1607,1411,2000
1607,1413,2000
1608,1414,2000
1608,1415,2000
1608,1417,2000
1609,1418,2000
1609,1419,2000
1609,1421,2000
1610,1422,2000
1610,1424,2000
1610,1425,2000
1611,1426,2000
1611,1428,2000
1611,1429,1000
1611,1428,1000
1610,1426,1000
1610,1425,1000
1610,1424,1000
1609,1422,1000
1609,1421,1000
1608,1420,1000
1608,1419,1000
1607,1417,1000
1607,1416,1000
1606,1415,1000
1606,1413,1000
1605,1412,1000
1605,1411,1000
1604,1409,1000
1604,1408,1000
1603,1407,1000
1603,1405,1000
1602,1404,1000
1602,1403,1000
1601,1401,1000
1601,1400,1000
1600,1399,1000
1600,1397,1000
1599,1396,1000
1598,1395,1000
1598,1393,1000
1597,1392,1000
1597,1391,1000
1596,1389,1000
1595,1388,1000
1595,1387,1000
1594,1385,1000
1594,1384,1000
1593,1383,1000
1592,1381,1000
1592,1380,1000
1591,1379,1000
1590,1377,1000
1590,1376,2000
1588,1375,2000
1586,1374,2000
1585,1374,2000
1583,1373,2000
1581,1372,2000
1579,1371,2000
1578,1371,2000
1576,1370,2000
1574,1369,2000
1573,1368,2000
1571,1368,2000
1569,1367,2000
1568,1366,2000
1566,1365,2000
1564,1365,2000
1563,1364,2000
1561,1363,2000
1559,1363,2000
1558,1362,2000
1556,1361,2000
1554,1361,2000
1553,1360,2000
1551,1359,2000
1549,1359,2000
1548,1358,2000
1546,1358,2000
1544,1357,2000
1543,1356,2000
1541,1356,2000
1539,1355,2000
1538,1355,2000
1536,1354,2000
1535,1354,2000
1533,1353,2000
1531,1353,2000
1530,1352,2000
1528,1352,2000
1526,1351,2000
1525,1351,2000
