1462,1876,1000
1462,1876,1000
1462,1876,1000
1462,1876,1000
1462,1876,1000
1462,1876,1000
1462,1876,1000
1462,1876,2000
1460,1870,2000
1458,1865,2000
1456,1859,2000
1454,1854,2000
1452,1848,2000
1450,1843,2000
1448,1837,2000
1445,1832,2000
1443,1827,2000
1441,1821,2000
1439,1816,2000
1437,1811,2000
1435,1806,2000
1432,1801,2000
1430,1796,2000
1428,1790,2000
1426,1785,2000
1423,1781,2000
1421,1776,2000
1418,1771,2000
1416,1766,2000
1414,1761,2000
1411,1756,2000
1409,1751,2000
1406,1746,2000
1404,1742,2000
1401,1737,2000
1399,1732,2000
1396,1728,2000
1394,1723,2000
1391,1718,2000
1388,1714,2000
1386,1709,2000
1383,1705,2000
1380,1700,2000
1378,1696,2000
1375,1691,2000
1372,1687,2000
1369,1682,2000
1367,1678,2000
1364,1673,2000
1361,1669,2000
1358,1665,2000
1355,1660,2000
1352,1656,2000
1350,1652,2000
1347,1647,2000
1344,1643,2000
1341,1639,2000
1338,1634,2000
1338,1634,2000
1338,1634,2000
1338,1634,2000
1338,1634,2000
1338,1634,2000
1338,1634,2000
1338,1634,2000
1338,1634,2000
1338,1634,2000
1338,1634,2000
1338,1634,2000
1338,1634,2000
1338,1634,2000
1338,1634,2000
1338,1634,2000
1338,1634,2000
1338,1634,2000
1338,1634,2000
1338,1634,2000
1338,1634,2000
1338,1634,2000
1338,1634,2000
1338,1634,2000
1338,1634,2000
1338,1634,2000
1338,1634,2000
1338,1634,2000
1338,1634,2000
1338,1634,2000
1338,1634,2000
1338,1634,2000
1338,1634,2000
1338,1634,2000
1338,1634,2000
1338,1634,2000
1338,1634,2000
1338,1634,2000
1338,1634,2000
1338,1634,2000
1338,1634,2000
1338,1634,2000
1338,1634,1000
1338,1634,2000
1338,1634,2000
1338,1634,2000
1338,1634,2000
1338,1634,2000
1338,1634,2000
1338,1634,2000
1338,1634,2000
1338,1634,2000
1338,1634,1000
1338,1634,1000
1338,1634,1000
1338,1634,1000
1338,1634,1000
1338,1634,1000
