1534,1652,1000
1534,1652,2000
1531,1647,2000
1527,1642,2000
1523,1638,2000
1520,1633,2000
1516,1628,2000
1512,1623,2000
1508,1618,2000
1504,1613,2000
1500,1608,2000
1496,1604,2000
1492,1599,2000
1488,1594,2000
1484,1589,2000
1480,1585,2000
1476,1580,2000
1472,1575,2000
1468,1571,2000
1464,1566,2000
1460,1561,2000
1456,1557,2000
1461,1552,2000
1466,1548,2000
1472,1543,2000
1477,1539,2000
1482,1535,2000
1487,1530,2000
1492,1526,2000
1497,1522,2000
1501,1518,2000
1506,1515,2000
1511,1511,2000
1516,1507,2000
1520,1504,2000
1525,1500,2000
1529,1497,2000
1533,1493,2000
1538,1490,2000
1542,1487,2000
1546,1484,2000
1551,1481,2000
1555,1486,2000
1560,1491,2000
1565,1496,2000
1570,1501,2000
1575,1506,2000
1580,1511,2000
1585,1517,2000
1589,1522,2000
1594,1527,2000
1599,1532,2000
1604,1537,2000
1608,1543,2000
1613,1548,2000
1617,1553,2000
1622,1558,2000
1627,1564,2000
1631,1569,2000
1636,1574,2000
1640,1579,2000
1645,1585,2000
1639,1587,2000
1634,1590,2000
1629,1592,2000
1624,1595,2000
1619,1598,2000
1613,1601,2000
1608,1604,2000
1603,1607,2000
1597,1610,2000
1592,1614,2000
1586,1617,2000
1581,1621,2000
1575,1624,2000
1570,1628,2000
1564,1632,2000
1558,1636,2000
1552,1640,2000
1546,1644,2000
1540,1648,2000
1534,1652,2000
1530,1656,2000
1525,1659,2000
1521,1663,2000
1516,1666,2000
1511,1670,2000
1507,1674,2000
1502,1678,1000

