1324,1158,1000
1324,1158,2000
1325,1156,2000
1326,1154,2000
1327,1152,2000
1328,1150,2000
1329,1148,2000
1331,1147,2000
1332,1146,2000
1334,1146,2000
1336,1145,2000
1338,1145,2000
1340,1145,2000
1343,1146,2000
1345,1147,2000
1348,1148,2000
1350,1148,2000
1353,1150,2000
1356,1153,2000
1360,1155,2000
1363,1157,2000
1366,1159,2000
1369,1162,2000
1372,1165,2000
1375,1168,2000
1379,1171,2000
1382,1175,2000
1385,1178,2000
1388,1182,2000
1391,1186,2000
1394,1189,2000
1397,1193,2000
1399,1196,2000
1402,1200,2000
1404,1204,2000
1406,1207,2000
1408,1211,2000
1410,1214,2000
1411,1217,2000
1412,1221,2000
1413,1224,2000
1414,1227,2000
1414,1229,2000
1414,1232,2000
1414,1234,2000
1414,1237,2000
1414,1239,2000
1413,1241,2000
1412,1242,2000
1410,1243,2000
1409,1245,2000
1408,1246,2000
1406,1247,2000
1403,1247,2000
1401,1247,2000
1399,1248,2000
1397,1248,2000
1394,1247,2000
1391,1247,2000
1388,1246,2000
1385,1245,2000
1382,1245,2000
1379,1243,2000
1376,1241,2000
1373,1239,2000
1370,1238,2000
1367,1236,2000
1364,1233,2000
1361,1231,2000
1358,1228,2000
1355,1226,2000
1352,1223,2000
1349,1220,2000
1347,1217,2000
1344,1213,2000
1342,1210,2000
1339,1207,2000
1337,1203,2000
1335,1200,2000
1334,1196,2000
1332,1193,2000
1330,1189,2000
1329,1186,2000
1328,1182,2000
1327,1179,2000
1326,1176,2000
1325,1172,2000
1325,1169,2000
1325,1166,2000
1325,1163,2000
1325,1160,2000
1324,1158,2000
1325,1156,2000
1326,1154,2000
1327,1152,2000
1328,1150,2000
1329,1148,2000
1331,1147,2000
1332,1146,2000
1334,1146,2000
1336,1145,2000
1338,1145,2000
1340,1145,2000
1343,1146,2000
1345,1147,2000
1348,1148,2000
1350,1148,2000
1353,1150,2000
1356,1153,2000
1360,1155,2000
1363,1157,2000
1366,1159,2000
1369,1162,2000
1372,1165,2000
1375,1168,2000
1379,1171,2000
1382,1175,2000
1385,1178,2000
1388,1182,2000
1391,1186,2000
1394,1189,2000
1397,1193,2000
1399,1196,2000
1402,1200,2000
1404,1204,2000
1406,1207,2000
1408,1211,2000
1410,1214,2000
1411,1217,2000
1412,1221,2000
1413,1224,2000
1414,1227,2000
1414,1229,2000
1414,1232,2000
1414,1234,2000
1414,1237,2000
1414,1239,2000
1413,1241,2000
1412,1242,2000
1410,1243,2000
1409,1245,2000
1408,1246,2000
1406,1247,2000
1403,1247,2000
1401,1247,2000
1399,1248,2000
1399,1248,1000
