1559,1660,1000
1559,1660,2000
1565,1656,2000
1572,1652,2000
1578,1648,2000
1584,1644,2000
1590,1640,2000
1596,1636,2000
1602,1632,2000
1608,1629,2000
1614,1625,2000
1620,1622,2000
1626,1619,2000
1632,1616,2000
1638,1613,2000
1644,1610,2000
1649,1607,2000
1655,1604,2000
1661,1602,2000
1666,1599,2000
1672,1597,2000
1677,1594,1000
1675,1596,1000
1672,1597,1000
1669,1598,1000
1666,1599,1000
1663,1600,1000
1660,1602,1000
1657,1603,1000
1654,1604,1000
1652,1606,1000
1649,1607,1000
1646,1609,1000
1643,1610,1000
1640,1612,1000
1637,1613,1000
1634,1615,1000
1631,1616,1000
1628,1618,1000
1625,1619,1000
1622,1621,1000
1619,1623,2000
1613,1621,2000
1607,1619,2000
1602,1617,2000
1596,1615,2000
1590,1614,2000
1584,1612,2000
1578,1610,2000
1572,1609,2000
1567,1607,2000
1561,1606,2000
1555,1604,2000
1549,1603,2000
1543,1602,2000
1537,1600,2000
1532,1599,2000
1526,1598,2000
1520,1597,2000
1514,1596,2000
1508,1595,2000
1502,1594,1000
1508,1595,1000
1513,1596,1000
1518,1597,1000
1523,1599,1000
1529,1600,1000
1534,1601,1000
1539,1603,1000
1545,1604,1000
1550,1605,1000
1555,1607,1000
1561,1608,1000
1566,1610,1000
1571,1612,1000
1576,1613,1000
1582,1615,1000
1587,1617,1000
1592,1618,1000
1598,1620,1000
1603,1622,1000
1608,1624,2000
1609,1618,2000
1609,1612,2000
1610,1607,2000
1610,1601,2000
1611,1595,2000
1611,1589,2000
1611,1584,2000
1611,1578,2000
1611,1572,2000
1611,1567,2000
1611,1561,2000
1611,1556,2000
1611,1550,2000
1611,1545,2000
1610,1539,2000
1610,1533,2000
1609,1528,2000
1609,1522,2000
1608,1517,2000
1608,1517,1000
