1505,1871,1000
1505,1871,1000
1505,1871,1000
1505,1871,1000
1505,1871,2000
1503,1864,2000
1500,1857,2000
1498,1851,2000
1495,1844,2000
1493,1837,2000
1490,1831,2000
1488,1824,2000
1485,1818,2000
1482,1812,2000
1480,1805,2000
1477,1799,2000
1474,1793,2000
1471,1787,2000
1468,1780,2000
1465,1774,2000
1463,1768,2000
1460,1762,2000
1457,1756,2000
1454,1750,2000
1451,1744,2000
1447,1739,2000
1444,1733,2000
1441,1727,2000
1438,1721,2000
1435,1715,2000
1432,1710,2000
1428,1704,2000
1425,1698,2000
1422,1693,2000
1418,1687,2000
1415,1681,2000
1411,1676,2000
1408,1670,2000
1404,1665,2000
1401,1659,2000
1397,1654,2000
1394,1648,2000
1390,1643,2000
1387,1638,2000
1383,1632,2000
1379,1627,2000
1376,1622,2000
1372,1616,2000
1368,1611,2000
1364,1606,2000
1360,1601,2000
1357,1595,2000
1353,1590,2000
1349,1585,2000
1345,1580,2000
1347,1578,2000
1348,1577,2000
1350,1575,2000
1352,1573,2000
1354,1572,2000
1355,1570,2000
1357,1568,2000
1359,1567,2000
1360,1565,2000
1362,1564,2000
1364,1562,2000
1365,1561,2000
1367,1559,2000
1369,1558,2000
1370,1556,2000
1372,1555,2000
1374,1553,2000
1375,1552,2000
1377,1550,2000
1379,1549,2000
1380,1547,2000
1382,1546,2000
1383,1544,2000
1385,1543,2000
1387,1541,2000
1388,1540,2000
1390,1539,2000
1391,1537,2000
1393,1536,2000
1394,1535,2000
1396,1533,2000
1398,1532,2000
1399,1531,2000
1401,1529,2000
1402,1528,2000
1404,1527,2000
1405,1525,2000
1407,1524,2000
1408,1523,2000
1410,1521,2000
1411,1520,2000
1413,1519,2000
1414,1518,2000
1416,1516,2000
1417,1515,2000
1419,1514,2000
1420,1513,2000
1421,1511,2000
1423,1510,2000
1424,1509,2000
1429,1514,2000
1433,1520,2000
1437,1525,2000
1442,1531,2000
1446,1536,2000
1450,1541,2000
1454,1547,2000
1458,1552,2000
1463,1558,2000
1467,1563,2000
1471,1569,2000
1475,1574,2000
1479,1580,2000
1483,1585,2000
1487,1591,2000
1491,1596,2000
1495,1602,2000
1499,1608,2000
1503,1613,2000
1507,1619,2000
1510,1624,2000
1514,1630,2000
1518,1636,2000
1522,1641,2000
1526,1647,2000
1529,1653,2000
1533,1658,2000
1536,1664,2000
1540,1670,2000
1544,1675,2000
1547,1681,2000
1551,1687,2000
1554,1693,2000
1558,1699,2000
1561,1704,2000
1564,1710,2000
1568,1716,2000
1571,1722,2000
1574,1728,2000
1577,1734,2000
1581,1740,2000
1584,1745,2000
1587,1751,2000
1590,1757,2000
1593,1763,2000
1596,1769,2000
1599,1775,2000
1602,1781,2000
1605,1788,2000
1607,1794,2000
1605,1795,2000
1603,1796,2000
1601,1797,2000
1599,1798,2000
1597,1799,2000
1595,1800,2000
1593,1801,2000
1591,1802,2000
1589,1803,2000
1587,1804,2000
1585,1805,2000
1583,1806,2000
1581,1807,2000
1579,1808,2000
1577,1810,2000
1575,1811,2000
1573,1812,2000
1571,1813,2000
1568,1814,2000
1566,1816,2000
1564,1817,2000
1562,1818,2000
1560,1819,2000
1558,1821,2000
1556,1822,2000
1554,1823,2000
1552,1825,2000
1550,1826,2000
1547,1828,2000
1545,1829,2000
1543,1830,2000
1541,1832,2000
1539,1833,2000
1537,1835,2000
1535,1836,2000
1533,1838,2000
1530,1839,2000
1528,1841,2000
1526,1843,2000
1524,1844,2000
1522,1846,2000
1519,1848,2000
1517,1849,2000
1515,1851,2000
1513,1853,2000
1511,1854,2000
1508,1856,2000
1506,1858,2000
1504,1860,2000
1502,1862,2000
1502,1862,2000
1502,1862,2000
1502,1862,2000
1502,1862,2000
1502,1862,2000
1502,1862,2000
1502,1862,2000
1502,1862,2000
1502,1862,2000
1502,1862,2000
1502,1862,2000
1502,1862,2000
1502,1862,2000
1502,1862,2000
1502,1862,2000
1502,1862,2000
1502,1862,2000
1502,1862,2000
1502,1862,2000
1502,1862,2000
1502,1862,2000
1502,1862,2000
1502,1862,2000
1502,1862,2000
1502,1862,2000
1502,1862,2000
1502,1862,2000
1502,1862,2000
1502,1862,2000
1502,1862,2000
1502,1862,2000
1502,1862,2000
1502,1862,2000
1502,1862,2000
1502,1862,2000
1502,1862,2000
1502,1862,2000
1502,1862,2000
1502,1862,2000
1502,1862,2000
1502,1862,2000
1502,1862,2000
1502,1862,2000
1502,1862,2000
1502,1862,2000
1502,1862,2000
1502,1862,2000
1502,1862,2000
1502,1862,1000
1502,1862,1000
1502,1862,1000
1502,1862,1000
1502,1862,1000
