1466,1578,1000
1466,1578,1000
1466,1578,1000
1466,1578,1000
1466,1578,2000
1465,1577,2000
1465,1577,2000
1464,1576,2000
1464,1576,2000
1463,1575,2000
1463,1574,2000
1462,1574,2000
1462,1573,2000
1462,1573,2000
1461,1572,2000
1461,1571,2000
1460,1571,2000
1460,1570,2000
1459,1570,2000
1459,1569,2000
1458,1568,2000
1458,1568,2000
1458,1567,2000
1457,1567,2000
1457,1566,2000
1456,1565,2000
1456,1565,2000
1455,1564,2000
1455,1564,2000
1454,1563,2000
1454,1562,2000
1454,1562,2000
1453,1561,2000
1453,1561,2000
1452,1560,2000
1452,1559,2000
1451,1559,2000
1451,1558,2000
1450,1558,2000
1450,1557,2000
1450,1556,2000
1449,1556,2000
1449,1555,2000
1448,1555,2000
1448,1554,2000
1447,1554,2000
1447,1553,2000
1446,1552,2000
1446,1552,2000
1445,1551,2000
1445,1551,2000
1445,1550,2000
1444,1549,2000
1444,1549,2000
1443,1548,2000
1442,1547,2000
1442,1546,2000
1441,1546,2000
1440,1545,2000
1440,1544,2000
1439,1543,2000
1438,1542,2000
1438,1541,2000
1437,1540,2000
1436,1539,2000
1436,1538,2000
1435,1538,2000
1434,1537,2000
1434,1536,2000
1433,1535,2000
1432,1534,2000
1431,1533,2000
1431,1532,2000
1430,1531,2000
1429,1530,2000
1429,1530,2000
1428,1529,2000
1427,1528,2000
1427,1527,2000
1426,1526,2000
1425,1525,2000
1424,1524,2000
1424,1523,2000
1423,1523,2000
1422,1522,2000
1422,1521,2000
1421,1520,2000
1420,1519,2000
1420,1518,2000
1419,1517,2000
1418,1516,2000
1417,1516,2000
1417,1515,2000
1416,1514,2000
1415,1513,2000
1415,1512,2000
1414,1511,2000
1413,1510,2000
1412,1509,2000
1412,1509,2000
1411,1508,2000
1410,1507,2000
1410,1506,2000
1409,1505,2000
1408,1504,2000
1408,1503,2000
1407,1503,2000
1406,1502,2000
1406,1501,2000
1405,1501,2000
1405,1500,2000
1404,1499,2000
1403,1498,2000
1403,1498,2000
1402,1497,2000
1402,1496,2000
1401,1496,2000
1400,1495,2000
1400,1494,2000
1399,1493,2000
1399,1493,2000
1398,1492,2000
1397,1491,2000
1397,1490,2000
1396,1490,2000
1396,1489,2000
1395,1488,2000
1394,1488,2000
1394,1487,2000
1393,1486,2000
1393,1485,2000
1392,1485,2000
1391,1484,2000
1391,1483,2000
1390,1483,2000
1390,1482,2000
1389,1481,2000
1388,1480,2000
1388,1480,2000
1387,1479,2000
1386,1478,2000
1386,1478,2000
1385,1477,2000
1385,1476,2000
1384,1475,2000
1383,1475,2000
1383,1474,2000
1382,1473,2000
1382,1473,2000
1381,1472,2000
1380,1471,2000
1380,1470,2000
1379,1470,2000
1379,1469,2000
1378,1468,2000
1378,1468,2000
1379,1467,2000
1379,1467,2000
1380,1467,2000
1380,1466,2000
1381,1466,2000
1381,1465,2000
1382,1465,2000
1382,1464,2000
1382,1464,2000
1383,1464,2000
1383,1463,2000
1384,1463,2000
1384,1462,2000
1385,1462,2000
1385,1461,2000
1386,1461,2000
1386,1461,2000
1387,1460,2000
1387,1460,2000
1387,1459,2000
1388,1459,2000
1388,1459,2000
1389,1458,2000
1389,1458,2000
1390,1457,2000
1390,1457,2000
1391,1456,2000
1391,1456,2000
1391,1456,2000
1392,1455,2000
1392,1455,2000
1393,1454,2000
1393,1454,2000
1394,1454,2000
1394,1453,2000
1394,1453,2000
1395,1452,2000
1395,1452,2000
1396,1452,2000
1396,1451,2000
1397,1451,2000
1397,1450,2000
1397,1450,2000
1398,1450,2000
1398,1449,2000
1399,1449,2000
1399,1448,2000
1400,1448,2000
1400,1448,2000
1400,1447,2000
1400,1447,2000
1401,1447,2000
1401,1447,2000
1401,1447,2000
1401,1446,2000
1402,1446,2000
1402,1446,2000
1402,1446,2000
1402,1446,2000
1402,1445,2000
1403,1445,2000
1403,1445,2000
1403,1445,2000
1403,1445,2000
1403,1444,2000
1404,1444,2000
1404,1444,2000
1404,1444,2000
1404,1444,2000
1405,1443,2000
1405,1443,2000
1405,1443,2000
1405,1443,2000
1405,1443,2000
1406,1442,2000
1406,1442,2000
1406,1442,2000
1406,1442,2000
1406,1442,2000
1407,1442,2000
1407,1441,2000
1407,1441,2000
1407,1441,2000
1407,1441,2000
1408,1441,2000
1408,1440,2000
1408,1440,2000
1408,1440,2000
1408,1440,2000
1409,1440,2000
1409,1439,2000
1409,1439,2000
1409,1439,2000
1410,1439,2000
1410,1439,2000
1410,1438,2000
1410,1438,2000
1410,1438,2000
1411,1438,2000
1411,1438,2000
1411,1437,2000
1411,1437,2000
1412,1437,2000
1412,1437,2000
1412,1436,2000
1413,1436,2000
1413,1436,2000
1413,1436,2000
1413,1435,2000
1414,1435,2000
1414,1435,2000
1414,1435,2000
1415,1434,2000
1415,1434,2000
1415,1434,2000
1415,1434,2000
1416,1433,2000
1416,1433,2000
1416,1433,2000
1417,1432,2000
1417,1432,2000
1417,1432,2000
1417,1432,2000
1418,1431,2000
1418,1431,2000
1418,1431,2000
1419,1431,2000
1419,1430,2000
1419,1430,2000
1419,1430,2000
1420,1430,2000
1420,1429,2000
1420,1429,2000
1421,1429,2000
1421,1429,2000
1421,1428,2000
1421,1428,2000
1422,1428,2000
1422,1428,2000
1422,1427,2000
1422,1427,2000
1423,1427,2000
1423,1427,2000
1423,1426,2000
1424,1426,2000
1424,1426,2000
1424,1426,2000
1424,1426,2000
1425,1425,2000
1425,1425,2000
1425,1425,2000
1426,1424,2000
1426,1424,2000
1426,1424,2000
1427,1424,2000
1427,1423,2000
1427,1423,2000
1427,1423,2000
1428,1423,2000
1428,1422,2000
1428,1422,2000
1429,1422,2000
1429,1421,2000
1429,1421,2000
1430,1421,2000
1430,1421,2000
1430,1420,2000
1431,1420,2000
1431,1420,2000
1431,1420,2000
1432,1419,2000
1432,1419,2000
1432,1419,2000
1432,1418,2000
1433,1418,2000
1433,1418,2000
1433,1418,2000
1434,1417,2000
1434,1417,2000
1434,1417,2000
1435,1417,2000
1435,1416,2000
1435,1416,2000
1435,1416,2000
1436,1416,2000
1436,1415,2000
1436,1415,2000
1437,1415,2000
1437,1415,2000
1437,1414,2000
1438,1414,2000
1438,1414,2000
1438,1413,2000
1438,1413,2000
1439,1413,2000
1439,1413,2000
1439,1412,2000
1440,1412,2000
1440,1412,2000
1441,1413,2000
1442,1414,2000
1443,1415,2000
1443,1416,2000
1444,1417,2000
1445,1417,2000
1446,1418,2000
1447,1419,2000
1448,1420,2000
1449,1421,2000
1450,1422,2000
1450,1423,2000
1451,1424,2000
1452,1425,2000
1453,1426,2000
1454,1427,2000
1455,1428,2000
1456,1428,2000
1457,1429,2000
1457,1430,2000
1458,1431,2000
1459,1432,2000
1460,1433,2000
1461,1434,2000
1462,1435,2000
1463,1436,2000
1463,1437,2000
1464,1438,2000
1465,1439,2000
1466,1440,2000
1467,1440,2000
1468,1441,2000
1469,1442,2000
1470,1443,2000
1470,1444,2000
1471,1445,2000
1472,1446,2000
1473,1447,2000
1474,1448,2000
1475,1449,2000
1476,1450,2000
1476,1451,2000
1477,1452,2000
1478,1453,2000
1479,1453,2000
1480,1454,2000
1481,1455,2000
1482,1456,2000
1482,1457,2000
1483,1458,2000
1484,1459,2000
1485,1460,2000
1486,1461,2000
1487,1462,2000
1488,1463,2000
1489,1464,2000
1490,1465,2000
1490,1466,2000
1491,1467,2000
1492,1469,2000
1493,1470,2000
1494,1471,2000
1495,1472,2000
1496,1473,2000
1497,1474,2000
1497,1475,2000
1498,1476,2000
1499,1477,2000
1500,1478,2000
1501,1479,2000
1502,1480,2000
1503,1481,2000
1504,1482,2000
1504,1483,2000
1505,1484,2000
1506,1485,2000
1507,1486,2000
1508,1487,2000
1509,1488,2000
1510,1489,2000
1511,1490,2000
1511,1491,2000
1512,1492,2000
1513,1493,2000
1514,1495,2000
1515,1496,2000
1516,1497,2000
1517,1498,2000
1517,1499,2000
1518,1500,2000
1519,1501,2000
1520,1502,2000
1521,1503,2000
1522,1504,2000
1523,1505,2000
1523,1506,2000
1524,1507,2000
1525,1508,2000
1526,1509,2000
1527,1510,2000
1527,1511,2000
1528,1511,2000
1528,1512,2000
1529,1512,2000
1529,1512,2000
1529,1513,2000
1530,1513,2000
1530,1514,2000
1531,1514,2000
1531,1515,2000
1532,1515,2000
1532,1516,2000
1533,1516,2000
1533,1517,2000
1533,1517,2000
1534,1518,2000
1534,1518,2000
1535,1518,2000
1535,1519,2000
1536,1519,2000
1536,1520,2000
1536,1520,2000
1537,1521,2000
1537,1521,2000
1538,1522,2000
1538,1522,2000
1539,1523,2000
1539,1523,2000
1540,1524,2000
1540,1524,2000
1540,1524,2000
1541,1525,2000
1541,1525,2000
1542,1526,2000
1542,1526,2000
1543,1527,2000
1543,1527,2000
1543,1528,2000
1544,1528,2000
1544,1529,2000
1545,1529,2000
1545,1529,2000
1546,1530,2000
1546,1530,2000
1546,1531,2000
1547,1531,2000
1547,1532,2000
1548,1532,2000
1548,1533,2000
1549,1533,2000
1548,1533,2000
1547,1534,2000
1546,1534,2000
1545,1534,2000
1545,1535,2000
1544,1535,2000
1543,1535,2000
1542,1536,2000
1541,1536,2000
1540,1536,2000
1540,1536,2000
1539,1537,2000
1538,1537,2000
1537,1537,2000
1536,1538,2000
1535,1538,2000
1535,1538,2000
1534,1539,2000
1533,1539,2000
1532,1539,2000
1531,1540,2000
1530,1540,2000
1530,1540,2000
1529,1541,2000
1528,1541,2000
1527,1541,2000
1526,1542,2000
1525,1542,2000
1525,1542,2000
1524,1543,2000
1523,1543,2000
1522,1544,2000
1521,1544,2000
1520,1544,2000
1519,1545,2000
1519,1545,2000
1518,1545,2000
1517,1546,2000
1516,1546,2000
1515,1547,2000
1514,1547,2000
1514,1547,2000
1513,1548,2000
1512,1548,2000
1511,1549,2000
1510,1549,2000
1509,1549,2000
1508,1550,2000
1508,1550,2000
1507,1551,2000
1507,1551,2000
1506,1551,2000
1506,1551,2000
1506,1551,2000
1506,1552,2000
1506,1552,2000
1506,1552,2000
1506,1552,2000
1505,1552,2000
1505,1553,2000
1505,1553,2000
1505,1553,2000
1505,1553,2000
1505,1553,2000
1505,1554,2000
1504,1554,2000
1504,1554,2000
1504,1554,2000
1504,1554,2000
1504,1555,2000
1504,1555,2000
1504,1555,2000
1503,1555,2000
1503,1555,2000
1503,1556,2000
1503,1556,2000
1503,1556,2000
1503,1556,2000
1503,1556,2000
1502,1557,2000
1502,1557,2000
1502,1557,2000
1502,1557,2000
1502,1557,2000
1502,1558,2000
1502,1558,2000
1501,1558,2000
1501,1558,2000
1501,1558,2000
1501,1559,2000
1501,1559,2000
1501,1559,2000
1501,1559,2000
1500,1559,2000
1500,1560,2000
1500,1560,2000
1500,1560,2000
1500,1560,2000
1500,1560,2000
1500,1561,2000
1499,1561,2000
1499,1561,2000
1499,1562,2000
1498,1562,2000
1498,1562,2000
1498,1563,2000
1497,1563,2000
1497,1563,2000
1496,1564,2000
1496,1564,2000
1496,1564,2000
1495,1565,2000
1495,1565,2000
1495,1565,2000
1494,1566,2000
1494,1566,2000
1494,1566,2000
1493,1567,2000
1493,1567,2000
1493,1567,2000
1492,1568,2000
1492,1568,2000
1491,1568,2000
1491,1569,2000
1491,1569,2000
1490,1570,2000
1490,1570,2000
1490,1570,2000
1489,1571,2000
1489,1571,2000
1489,1571,2000
1488,1572,2000
1488,1572,2000
1488,1572,2000
1487,1573,2000
1487,1573,2000
1486,1573,2000
1486,1574,2000
1486,1574,2000
1485,1574,2000
1485,1575,2000
1485,1575,2000
1484,1576,2000
1484,1576,2000
1484,1576,2000
1483,1577,2000
1483,1577,2000
1482,1577,2000
1482,1578,2000
1482,1578,2000
1481,1578,2000
1481,1579,2000
1481,1579,2000
1480,1579,2000
1480,1579,2000
1479,1580,2000
1479,1580,2000
1479,1580,2000
1478,1580,2000
1478,1581,2000
1478,1581,2000
1477,1581,2000
1477,1581,2000
1477,1582,2000
1476,1582,2000
1476,1582,2000
1475,1582,2000
1475,1583,2000
1475,1583,2000
1474,1583,2000
1474,1583,2000
1474,1584,2000
1473,1584,2000
1473,1584,2000
1472,1585,2000
1472,1585,2000
1472,1585,2000
1471,1585,2000
1471,1586,2000
1471,1586,2000
1470,1586,2000
1470,1586,2000
1469,1587,2000
1469,1587,2000
1469,1587,2000
1468,1587,2000
1468,1588,2000
1468,1588,2000
1467,1588,2000
1467,1589,2000
1466,1589,2000
1466,1589,2000
1466,1589,2000
1465,1590,2000
1465,1590,2000
1464,1590,2000
1464,1590,2000
1464,1591,2000
1463,1591,2000
1463,1591,2000
1463,1591,2000
1462,1590,2000
1462,1590,2000
1462,1590,2000
1461,1589,2000
1461,1589,2000
1461,1588,2000
1460,1588,2000
1460,1587,2000
1460,1587,2000
1459,1586,2000
1459,1586,2000
1459,1585,2000
1458,1585,2000
1458,1585,2000
1458,1584,2000
1457,1584,2000
1457,1583,2000
1457,1583,2000
1456,1582,2000
1456,1582,2000
1456,1581,2000
1455,1581,2000
1455,1581,2000
1455,1580,2000
1454,1580,2000
1454,1579,2000
1454,1579,2000
1454,1578,2000
1453,1578,2000
1453,1577,2000
1453,1577,2000
1452,1577,2000
1452,1576,2000
1452,1576,2000
1451,1575,2000
1451,1575,2000
1451,1574,2000
1450,1574,2000
1450,1573,2000
1450,1573,2000
1449,1573,2000
1449,1572,2000
1449,1572,2000
1448,1571,2000
1448,1571,2000
1448,1570,2000
1447,1570,2000
1447,1569,2000
1447,1569,1000
1447,1569,1000
1447,1569,1000
1447,1569,1000
