1617,1511,1000
1617,1511,2000
1612,1514,2000
1608,1516,2000
1603,1519,2000
1598,1522,2000
1594,1525,2000
1589,1528,2000
1584,1531,2000
1579,1534,2000
1574,1537,2000
1569,1540,2000
1564,1543,2000
1559,1547,2000
1554,1550,2000
1549,1554,2000
1543,1558,2000
1538,1562,2000
1533,1566,2000
1527,1570,2000
1522,1574,2000
1516,1578,2000
1517,1569,2000
1519,1561,2000
1520,1552,2000
1521,1544,2000
1522,1536,2000
1522,1528,2000
1523,1519,2000
1523,1511,2000
1524,1503,2000
1524,1495,2000
1524,1487,2000
1523,1479,2000
1523,1471,2000
1523,1463,2000
1522,1455,2000
1521,1447,2000
1520,1439,2000
1519,1431,2000
1518,1423,2000
1517,1415,2000
1513,1418,2000
1509,1422,2000
1505,1425,2000
1501,1429,2000
1497,1433,2000
1493,1437,2000
1489,1440,2000
1485,1444,2000
1480,1448,2000
1476,1452,2000
1471,1456,2000
1467,1461,2000
1462,1465,2000
1458,1469,2000
1453,1474,2000
1448,1478,2000
1443,1483,2000
1438,1488,2000
1433,1493,2000
1433,1493,1000
