1586,1444,1000
1586,1444,2000
1586,1444,2000
1586,1444,2000
1586,1444,2000
1587,1444,2000
1587,1444,2000
1587,1444,2000
1587,1444,2000
1587,1444,2000
1587,1444,2000
1587,1443,2000
1587,1443,2000
1588,1443,2000
1588,1443,2000
1588,1443,2000
1588,1443,2000
1588,1443,2000
1588,1443,2000
1588,1443,2000
1588,1443,2000
1589,1443,2000
1589,1443,2000
1589,1443,2000
1589,1443,2000
1589,1443,2000
1589,1443,2000
1589,1443,2000
1590,1443,2000
1590,1443,2000
1590,1442,2000
1590,1442,2000
1590,1442,2000
1590,1442,2000
1590,1442,2000
1591,1442,2000
1591,1442,2000
1591,1442,2000
1591,1442,2000
1591,1442,2000
1591,1442,2000
1591,1442,2000
1592,1442,2000
1592,1442,2000
1592,1442,2000
1592,1442,2000
1592,1442,2000
1592,1442,2000
1593,1442,2000
1593,1442,2000
1593,1442,2000
1593,1442,2000
1593,1442,2000
1593,1442,2000
1594,1442,2000
1594,1442,2000
1594,1442,2000
1594,1442,2000
1594,1442,2000
1594,1442,2000
1595,1442,2000
1595,1442,2000
1595,1442,2000
1595,1442,2000
1595,1442,2000
1596,1442,2000
1596,1442,2000
1596,1442,2000
1596,1442,2000
1596,1442,2000
1596,1442,2000
1597,1442,2000
1597,1442,2000
1597,1442,2000
1597,1442,2000
1597,1442,2000
1598,1442,2000
1598,1442,2000
1598,1442,2000
1598,1442,2000
1598,1442,2000
1598,1442,2000
1599,1442,2000
1599,1442,2000
1599,1442,2000
1599,1442,2000
1599,1442,2000
1600,1442,2000
1600,1442,2000
1600,1442,2000
1600,1442,2000
1600,1442,2000
1601,1442,2000
1601,1442,2000
1601,1442,2000
1601,1442,2000
1601,1442,2000
1602,1442,2000
1602,1442,2000
1602,1442,2000
1602,1443,2000
1602,1443,2000
1603,1443,2000
1603,1443,2000
1603,1443,2000
1603,1443,2000
1603,1443,2000
1604,1443,2000
1604,1443,2000
1604,1443,2000
1604,1443,2000
1605,1443,2000
1605,1443,2000
1605,1443,2000
1605,1443,2000
1605,1443,2000
1606,1443,2000
1606,1443,2000
1606,1444,2000
1606,1444,2000
1606,1444,2000
1607,1444,2000
1607,1444,2000
1607,1444,2000
1607,1444,2000
1608,1444,2000
1608,1444,2000
1608,1444,2000
1608,1444,2000
1609,1444,2000
1609,1444,2000
1609,1445,2000
1609,1445,2000
1609,1445,2000
1610,1445,2000
1610,1445,2000
1610,1445,2000
1610,1445,2000
1611,1445,2000
1611,1445,2000
1611,1445,2000
1611,1445,2000
1612,1445,2000
1612,1446,2000
1612,1446,2000
1612,1446,2000
1612,1446,2000
1613,1446,2000
1613,1446,2000
1613,1446,2000
1613,1446,2000
1614,1446,2000
1614,1446,2000
1614,1447,2000
1614,1447,2000
1615,1447,2000
1615,1447,2000
1615,1447,2000
1615,1447,2000
1616,1447,2000
1616,1447,2000
1616,1447,2000
1616,1448,2000
1617,1448,2000
1617,1448,2000
1617,1448,2000
1617,1448,2000
1618,1448,2000
1618,1448,2000
1618,1448,2000
1618,1449,2000
1619,1449,2000
1619,1449,2000
1619,1449,2000
1619,1449,2000
1620,1449,2000
1620,1449,2000
1620,1449,2000
1620,1450,2000
1621,1450,2000
1621,1450,2000
1621,1450,2000
1621,1450,2000
1622,1450,2000
1622,1450,2000
1622,1451,2000
1623,1451,2000
1623,1451,2000
1623,1451,2000
1623,1451,2000
1624,1451,2000
1624,1451,2000
1624,1452,2000
1624,1452,2000
1625,1452,2000
1625,1452,2000
1625,1452,2000
1625,1452,2000
1626,1452,2000
1626,1453,2000
1626,1453,2000
1626,1453,2000
1627,1453,2000
1627,1453,2000
1627,1453,2000
1628,1454,2000
1628,1454,2000
1628,1454,2000
1628,1454,2000
1629,1454,2000
1629,1454,2000
1629,1455,2000
1629,1455,2000
1630,1455,2000
1630,1455,2000
1630,1455,2000
1631,1455,2000
1631,1456,2000
1631,1456,2000
1631,1456,2000
1632,1456,2000
1632,1456,2000
1632,1456,2000
1632,1457,2000
1633,1457,2000
1633,1457,2000
1633,1457,2000
1634,1457,2000
1634,1458,2000
1634,1458,2000
1634,1458,2000
1635,1458,2000
1635,1458,2000
1635,1459,2000
1635,1459,2000
1636,1459,2000
1636,1459,2000
1636,1459,2000
1637,1459,2000
1637,1460,2000
1637,1460,2000
1637,1460,2000
1638,1460,2000
1638,1460,2000
1638,1461,2000
1639,1461,2000
1639,1461,2000
1639,1461,2000
1639,1461,2000
1640,1462,2000
1640,1462,2000
1640,1462,2000
1641,1462,2000
1641,1462,2000
1641,1463,2000
1641,1463,2000
1642,1463,2000
1642,1463,2000
1642,1463,2000
1642,1464,2000
1643,1464,2000
1643,1464,2000
1643,1464,2000
1644,1465,2000
1644,1465,2000
1644,1465,2000
1644,1465,2000
1645,1465,2000
1645,1466,2000
1645,1466,2000
1646,1466,2000
1646,1466,2000
1646,1466,2000
1646,1467,2000
1647,1467,2000
1647,1467,2000
1647,1467,2000
1648,1468,2000
1648,1468,2000
1648,1468,2000
1648,1468,2000
1649,1468,2000
1649,1469,2000
1649,1469,2000
1649,1469,2000
1650,1469,2000
1650,1470,2000
1650,1470,2000
1651,1470,2000
1651,1470,2000
1651,1471,2000
1651,1471,2000
1652,1471,2000
1652,1471,2000
1652,1471,2000
1653,1472,2000
1653,1472,2000
1653,1472,2000
1653,1472,2000
1654,1473,2000
1654,1473,2000
1654,1473,2000
1654,1473,2000
1655,1474,2000
1655,1474,2000
1655,1474,2000
1656,1474,2000
1656,1475,2000
1656,1475,2000
1656,1475,2000
1657,1475,2000
1657,1475,2000
1657,1476,2000
1658,1476,2000
1658,1476,2000
1658,1476,2000
1658,1477,2000
1659,1477,2000
1659,1477,2000
1659,1477,2000
1659,1478,2000
1660,1478,2000
1660,1478,2000
1660,1478,2000
1661,1479,2000
1661,1479,2000
1661,1479,2000
1661,1479,2000
1662,1480,2000
1662,1480,2000
1662,1480,2000
1662,1480,2000
1663,1481,2000
1663,1481,2000
1663,1481,2000
1663,1481,2000
1664,1482,2000
1664,1482,2000
1664,1482,2000
1665,1482,2000
1665,1483,2000
1665,1483,2000
1665,1483,2000
1666,1483,2000
1666,1484,2000
1666,1484,2000
1666,1484,2000
1667,1484,2000
1667,1485,2000
1667,1485,2000
1667,1485,2000
1668,1485,2000
1668,1486,2000
1668,1486,2000
1668,1486,2000
1669,1486,2000
1669,1487,2000
1669,1487,2000
1669,1487,2000
1670,1487,2000
1670,1488,2000
1670,1488,2000
1671,1488,2000
1671,1488,2000
1671,1489,2000
1671,1489,2000
1671,1489,2000
1672,1489,2000
1672,1490,2000
1672,1490,2000
1672,1490,2000
1673,1490,2000
1673,1491,2000
1673,1491,2000
1673,1491,2000
1674,1492,2000
1674,1492,2000
1674,1492,2000
1674,1492,2000
1675,1493,2000
1675,1493,2000
1675,1493,2000
1675,1493,2000
1676,1494,2000
1676,1494,2000
1676,1494,2000
1676,1494,2000
1677,1495,2000
1677,1495,2000
1677,1495,2000
1677,1495,2000
1678,1496,2000
1678,1496,2000
1678,1496,2000
1678,1496,2000
1678,1497,2000
1679,1497,2000
1679,1497,2000
1679,1497,2000
1679,1498,2000
1680,1498,2000
1680,1498,2000
1680,1498,2000
1680,1499,2000
1680,1499,2000
1681,1499,2000
1681,1499,2000
1681,1500,2000
1681,1500,2000
1682,1500,2000
1682,1501,2000
1682,1501,2000
1682,1501,2000
1682,1501,2000
1683,1502,2000
1683,1502,2000
1683,1502,2000
1683,1502,2000
1684,1503,2000
1684,1503,2000
1684,1503,2000
1684,1503,2000
1684,1504,2000
1685,1504,2000
1685,1504,2000
1685,1504,2000
1685,1505,2000
1685,1505,2000
1686,1505,2000
1686,1505,2000
1686,1506,2000
1686,1506,2000
1686,1506,2000
1687,1506,2000
1687,1507,2000
1687,1507,2000
1687,1507,2000
1687,1507,2000
1688,1508,2000
1688,1508,2000
1688,1508,2000
1688,1508,2000
1688,1509,2000
1688,1509,2000
1689,1509,2000
1689,1509,2000
1689,1510,2000
1689,1510,2000
1689,1510,2000
1690,1510,2000
1690,1511,2000
1690,1511,2000
1690,1511,2000
1690,1511,2000
1690,1512,2000
1691,1512,2000
1691,1512,2000
1691,1512,2000
1691,1513,2000
1691,1513,2000
1691,1513,2000
1692,1513,2000
1692,1514,2000
1692,1514,2000
1692,1514,2000
1692,1514,2000
1692,1515,2000
1693,1515,2000
1693,1515,2000
1693,1515,2000
1693,1516,2000
1693,1516,2000
1693,1516,2000
1693,1516,2000
1694,1517,2000
1694,1517,2000
1694,1517,2000
1694,1517,2000
1694,1518,2000
1694,1518,2000
1695,1518,2000
1695,1518,2000
1695,1518,2000
1695,1519,2000
1695,1519,2000
1695,1519,2000
1695,1519,2000
1695,1520,2000
1696,1520,2000
1696,1520,2000
1696,1520,2000
1696,1521,2000
1696,1521,2000
1696,1521,2000
1696,1521,2000
1697,1522,2000
1697,1522,2000
1697,1522,2000
1697,1522,2000
1697,1522,2000
1697,1523,2000
1697,1523,2000
1697,1523,2000
1698,1523,2000
1698,1524,2000
1698,1524,2000
1698,1524,2000
1698,1524,2000
1698,1524,2000
1698,1525,2000
1698,1525,2000
1698,1525,2000
1698,1525,2000
1699,1526,2000
1699,1526,2000
1699,1526,2000
1699,1526,2000
1699,1526,2000
1699,1527,2000
1699,1527,2000
1699,1527,2000
1699,1527,2000
1700,1528,2000
1700,1528,2000
1700,1528,2000
1700,1528,2000
1700,1528,2000
1700,1529,2000
1700,1529,2000
1700,1529,2000
1700,1529,2000
1700,1529,2000
1700,1530,2000
1700,1530,2000
1700,1530,2000
1701,1530,2000
1701,1531,2000
1701,1531,2000
1701,1531,2000
1701,1531,2000
1701,1531,2000
1701,1532,2000
1701,1532,2000
1701,1532,2000
1701,1532,2000
1701,1532,2000
1701,1533,2000
1701,1533,2000
1701,1533,2000
1701,1533,2000
1702,1533,2000
1702,1534,2000
1702,1534,2000
1702,1534,2000
1702,1534,2000
1702,1534,2000
1702,1535,2000
1702,1535,2000
1702,1535,2000
1702,1535,2000
1702,1535,2000
1702,1536,2000
1702,1536,2000
1702,1536,2000
1702,1536,2000
1702,1536,2000
1702,1536,2000
1702,1537,2000
1702,1537,2000
1702,1537,2000
1702,1537,2000
1702,1537,2000
1702,1538,2000
1702,1538,2000
1702,1538,2000
1702,1538,2000
1702,1538,2000
1703,1538,2000
1703,1539,2000
1703,1539,2000
1703,1539,2000
1703,1539,2000
1703,1539,2000
1703,1540,2000
1703,1540,2000
1703,1540,2000
1703,1540,2000
1703,1540,2000
1703,1540,2000
1703,1541,2000
1703,1541,2000
1703,1541,2000
1703,1541,2000
1703,1541,2000
1703,1541,2000
1703,1542,2000
1703,1542,2000
1703,1542,2000
1703,1542,2000
1703,1542,2000
1703,1542,2000
1703,1543,2000
1703,1543,2000
1703,1543,2000
1703,1543,2000
1703,1543,2000
1702,1543,2000
1702,1543,2000
1702,1544,2000
1702,1544,2000
1702,1544,2000
1702,1544,2000
1702,1544,2000
1702,1544,2000
1702,1545,2000
1702,1545,2000
1702,1545,2000
1702,1545,2000
1702,1545,2000
1702,1545,2000
1702,1545,2000
1702,1546,2000
1702,1546,2000
1702,1546,2000
1702,1546,2000
1702,1546,2000
1702,1546,2000
1702,1546,2000
1702,1547,2000
1702,1547,2000
1702,1547,2000
1702,1547,2000
1702,1547,2000
1701,1547,2000
1701,1547,2000
1701,1547,2000
1701,1548,2000
1701,1548,2000
1701,1548,2000
1701,1548,2000
1701,1548,2000
1701,1548,2000
1701,1548,2000
1701,1549,2000
1701,1549,2000
1701,1549,2000
1701,1549,2000
1701,1549,2000
1701,1549,2000
1700,1549,2000
1700,1549,2000
1700,1549,2000
1700,1550,2000
1700,1550,2000
1700,1550,2000
1700,1550,2000
1700,1550,2000
1700,1550,2000
1700,1550,2000
1700,1550,2000
1700,1550,2000
1700,1551,2000
1699,1551,2000
1699,1551,2000
1699,1551,2000
1699,1551,2000
1699,1551,2000
1699,1551,2000
1699,1551,2000
1699,1551,2000
1699,1551,2000
1699,1552,2000
1698,1552,2000
1698,1552,2000
1698,1552,2000
1698,1552,2000
1698,1552,2000
1698,1552,2000
1698,1552,2000
1698,1552,2000
1698,1552,2000
1698,1553,2000
1697,1553,2000
1697,1553,2000
1697,1553,2000
1697,1553,2000
1697,1553,2000
1697,1553,2000
1697,1553,2000
1697,1553,2000
1696,1553,2000
1696,1553,2000
1696,1553,2000
1696,1554,2000
1696,1554,2000
1696,1554,2000
1696,1554,2000
1696,1554,2000
1695,1554,2000
1695,1554,2000
1695,1554,2000
1695,1554,2000
1695,1554,2000
1695,1554,2000
1695,1554,2000
1694,1554,2000
1694,1554,2000
1694,1555,2000
1694,1555,2000
1694,1555,2000
1694,1555,2000
1694,1555,2000
1693,1555,2000
1693,1555,2000
1693,1555,2000
1693,1555,2000
1693,1555,2000
1693,1555,2000
1693,1555,2000
1692,1555,2000
1692,1555,2000
1692,1555,2000
1692,1555,2000
1692,1555,2000
1692,1555,2000
1692,1556,2000
1691,1556,2000
1691,1556,2000
1691,1556,2000
1691,1556,2000
1691,1556,2000
1691,1556,2000
1690,1556,2000
1690,1556,2000
1690,1556,2000
1690,1556,2000
1690,1556,2000
1690,1556,2000
1689,1556,2000
1689,1556,2000
1689,1556,2000
1689,1556,2000
1689,1556,2000
1689,1556,2000
1688,1556,2000
1688,1556,2000
1688,1556,2000
1688,1556,2000
1688,1556,2000
1687,1556,2000
1687,1556,2000
1687,1556,2000
1687,1556,2000
1687,1556,2000
1687,1556,2000
1686,1556,2000
1686,1557,2000
1686,1557,2000
1686,1557,2000
1686,1557,2000
1685,1557,2000
1685,1557,2000
1685,1557,2000
1685,1557,2000
1685,1557,2000
1684,1557,2000
1684,1557,2000
1684,1557,2000
1684,1557,2000
1684,1557,2000
1683,1557,2000
1683,1557,2000
1683,1557,2000
1683,1557,2000
1683,1557,2000
1682,1557,2000
1682,1557,2000
1682,1557,2000
1682,1557,2000
1682,1557,2000
1681,1557,2000
1681,1557,2000
1681,1557,2000
1681,1557,2000
1681,1557,2000
1680,1557,2000
1680,1557,2000
1680,1557,2000
1680,1557,2000
1680,1557,2000
1679,1557,2000
1679,1557,2000
1679,1556,2000
1679,1556,2000
1679,1556,2000
1678,1556,2000
1678,1556,2000
1678,1556,2000
1678,1556,2000
1677,1556,2000
1677,1556,2000
1677,1556,2000
1677,1556,2000
1677,1556,2000
1676,1556,2000
1676,1556,2000
1676,1556,2000
1676,1556,2000
1675,1556,2000
1675,1556,2000
1675,1556,2000
1675,1556,2000
1675,1556,2000
1674,1556,2000
1674,1556,2000
1674,1556,2000
1674,1556,2000
1673,1556,2000
1673,1556,2000
1673,1556,2000
1673,1556,2000
1673,1556,2000
1672,1556,2000
1672,1556,2000
1672,1555,2000
1672,1555,2000
1671,1555,2000
1671,1555,2000
1671,1555,2000
1671,1555,2000
1670,1555,2000
1670,1555,2000
1670,1555,2000
1670,1555,2000
1669,1555,2000
1669,1555,2000
1669,1555,2000
1669,1555,2000
1668,1555,2000
1668,1555,2000
1668,1555,2000
1668,1555,2000
1668,1554,2000
1667,1554,2000
1667,1554,2000
1667,1554,2000
1667,1554,2000
1666,1554,2000
1666,1554,2000
1666,1554,2000
1666,1554,2000
1665,1554,2000
1665,1554,2000
1665,1554,2000
1665,1554,2000
1664,1553,2000
1664,1553,2000
1664,1553,2000
1664,1553,2000
1663,1553,2000
1663,1553,2000
1663,1553,2000
1663,1553,2000
1662,1553,2000
1662,1553,2000
1662,1553,2000
1662,1553,2000
1661,1552,2000
1661,1552,2000
1661,1552,2000
1661,1552,2000
1660,1552,2000
1660,1552,2000
1660,1552,2000
1660,1552,2000
1659,1552,2000
1659,1552,2000
1659,1552,2000
1659,1551,2000
1658,1551,2000
1658,1551,2000
1658,1551,2000
1658,1551,2000
1657,1551,2000
1657,1551,2000
1657,1551,2000
1657,1551,2000
1656,1551,2000
1656,1550,2000
1656,1550,2000
1656,1550,2000
1655,1550,2000
1655,1550,2000
1655,1550,2000
1655,1550,2000
1654,1550,2000
1654,1550,2000
1654,1549,2000
1654,1549,2000
1653,1549,2000
1653,1549,2000
1653,1549,2000
1652,1549,2000
1652,1549,2000
1652,1549,2000
1652,1548,2000
1651,1548,2000
1651,1548,2000
1651,1548,2000
1651,1548,2000
1650,1548,2000
1650,1548,2000
1650,1548,2000
1650,1547,2000
1649,1547,2000
1649,1547,2000
1649,1547,2000
1649,1547,2000
1648,1547,2000
1648,1547,2000
1648,1547,2000
1648,1546,2000
1647,1546,2000
1647,1546,2000
1647,1546,2000
1647,1546,2000
1646,1546,2000
1646,1546,2000
1646,1545,2000
1645,1545,2000
1645,1545,2000
1645,1545,2000
1645,1545,2000
1644,1545,2000
1644,1545,2000
1644,1544,2000
1644,1544,2000
1643,1544,2000
1643,1544,2000
1643,1544,2000
1643,1544,2000
1642,1544,2000
1642,1543,2000
1642,1543,2000
1642,1543,2000
1641,1543,2000
1641,1543,2000
1641,1543,2000
1641,1542,2000
1640,1542,2000
1640,1542,2000
1640,1542,2000
1639,1542,2000
1639,1542,2000
1639,1542,2000
1639,1541,2000
1638,1541,2000
1638,1541,2000
1638,1541,2000
1638,1541,2000
1637,1541,2000
1637,1540,2000
1637,1540,2000
1637,1540,2000
1636,1540,2000
1636,1540,2000
1636,1540,2000
1636,1539,2000
1635,1539,2000
1635,1539,2000
1635,1539,2000
1635,1539,2000
1634,1539,2000
1634,1538,2000
1634,1538,2000
1634,1538,2000
1633,1538,2000
1633,1538,2000
1633,1538,2000
1633,1537,2000
1632,1537,2000
1632,1537,2000
1632,1537,2000
1632,1537,2000
1631,1536,2000
1631,1536,2000
1631,1536,2000
1630,1536,2000
1630,1536,2000
1630,1535,2000
1630,1535,2000
1629,1535,2000
1629,1535,2000
1629,1535,2000
1629,1535,2000
1628,1534,2000
1628,1534,2000
1628,1534,2000
1628,1534,2000
1627,1534,2000
1627,1533,2000
1627,1533,2000
1627,1533,2000
1626,1533,2000
1626,1533,2000
1626,1532,2000
1626,1532,2000
1625,1532,2000
1625,1532,2000
1625,1532,2000
1625,1531,2000
1624,1531,2000
1624,1531,2000
1624,1531,2000
1624,1531,2000
1624,1530,2000
1623,1530,2000
1623,1530,2000
1623,1530,2000
1623,1530,2000
1622,1529,2000
1622,1529,2000
1622,1529,2000
1622,1529,2000
1621,1529,2000
1621,1528,2000
1621,1528,2000
1621,1528,2000
1620,1528,2000
1620,1528,2000
1620,1527,2000
1620,1527,2000
1619,1527,2000
1619,1527,2000
1619,1527,2000
1619,1526,2000
1618,1526,2000
1618,1526,2000
1618,1526,2000
1618,1526,2000
1617,1525,2000
1617,1525,2000
1617,1525,2000
1617,1525,2000
1617,1524,2000
1616,1524,2000
1616,1524,2000
1616,1524,2000
1616,1524,2000
1615,1523,2000
1615,1523,2000
1615,1523,2000
1615,1523,2000
1614,1522,2000
1614,1522,2000
1614,1522,2000
1614,1522,2000
1614,1522,2000
1613,1521,2000
1613,1521,2000
1613,1521,2000
1613,1521,2000
1612,1520,2000
1612,1520,2000
1612,1520,2000
1612,1520,2000
1612,1520,2000
1611,1519,2000
1611,1519,2000
1611,1519,2000
1611,1519,2000
1610,1518,2000
1610,1518,2000
1610,1518,2000
1610,1518,2000
1610,1518,2000
1609,1517,2000
1609,1517,2000
1609,1517,2000
1609,1517,2000
1608,1516,2000
1608,1516,2000
1608,1516,2000
1608,1516,2000
1608,1515,2000
1607,1515,2000
1607,1515,2000
1607,1515,2000
1607,1515,2000
1607,1514,2000
1606,1514,2000
1606,1514,2000
1606,1514,2000
1606,1513,2000
1606,1513,2000
1605,1513,2000
1605,1513,2000
1605,1512,2000
1605,1512,2000
1604,1512,2000
1604,1512,2000
1604,1511,2000
1604,1511,2000
1604,1511,2000
1603,1511,2000
1603,1511,2000
1603,1510,2000
1603,1510,2000
1603,1510,2000
1603,1510,2000
1602,1509,2000
1602,1509,2000
1602,1509,2000
1602,1509,2000
1602,1508,2000
1601,1508,2000
1601,1508,2000
1601,1508,2000
1601,1507,2000
1601,1507,2000
1600,1507,2000
1600,1507,2000
1600,1506,2000
1600,1506,2000
1600,1506,2000
1599,1506,2000
1599,1505,2000
1599,1505,2000
1599,1505,2000
1599,1505,2000
1599,1504,2000
1598,1504,2000
1598,1504,2000
1598,1504,2000
1598,1503,2000
1598,1503,2000
1597,1503,2000
1597,1503,2000
1597,1503,2000
1597,1502,2000
1597,1502,2000
1597,1502,2000
1596,1502,2000
1596,1501,2000
1596,1501,2000
1596,1501,2000
1596,1501,2000
1596,1500,2000
1595,1500,2000
1595,1500,2000
1595,1500,2000
1595,1499,2000
1595,1499,2000
1595,1499,2000
1594,1499,2000
1594,1498,2000
1594,1498,2000
1594,1498,2000
1594,1498,2000
1594,1497,2000
1593,1497,2000
1593,1497,2000
1593,1497,2000
1593,1496,2000
1593,1496,2000
1593,1496,2000
1592,1496,2000
1592,1495,2000
1592,1495,2000
1592,1495,2000
1592,1495,2000
1592,1494,2000
1592,1494,2000
1591,1494,2000
1591,1494,2000
1591,1493,2000
1591,1493,2000
1591,1493,2000
1591,1493,2000
1591,1492,2000
1590,1492,2000
1590,1492,2000
1590,1492,2000
1590,1491,2000
1590,1491,2000
1590,1491,2000
1590,1491,2000
1589,1490,2000
1589,1490,2000
1589,1490,2000
1589,1490,2000
1589,1490,2000
1589,1489,2000
1589,1489,2000
1589,1489,2000
1588,1489,2000
1588,1488,2000
1588,1488,2000
1588,1488,2000
1588,1488,2000
1588,1487,2000
1588,1487,2000
1587,1487,2000
1587,1487,2000
1587,1486,2000
1587,1486,2000
1587,1486,2000
1587,1486,2000
1587,1485,2000
1587,1485,2000
1587,1485,2000
1586,1485,2000
1586,1484,2000
1586,1484,2000
1586,1484,2000
1586,1484,2000
1586,1483,2000
1586,1483,2000
1586,1483,2000
1585,1483,2000
1585,1482,2000
1585,1482,2000
1585,1482,2000
1585,1482,2000
1585,1482,2000
1585,1481,2000
1585,1481,2000
1585,1481,2000
1585,1481,2000
1584,1480,2000
1584,1480,2000
1584,1480,2000
1584,1480,2000
1584,1479,2000
1584,1479,2000
1584,1479,2000
1584,1479,2000
1584,1478,2000
1584,1478,2000
1584,1478,2000
1583,1478,2000
1583,1478,2000
1583,1477,2000
1583,1477,2000
1583,1477,2000
1583,1477,2000
1583,1476,2000
1583,1476,2000
1583,1476,2000
1583,1476,2000
1583,1475,2000
1583,1475,2000
1582,1475,2000
1582,1475,2000
1582,1475,2000
1582,1474,2000
1582,1474,2000
1582,1474,2000
1582,1474,2000
1582,1473,2000
1582,1473,2000
1582,1473,2000
1582,1473,2000
1582,1473,2000
1582,1472,2000
1582,1472,2000
1581,1472,2000
1581,1472,2000
1581,1471,2000
1581,1471,2000
1581,1471,2000
1581,1471,2000
1581,1471,2000
1581,1470,2000
1581,1470,2000
1581,1470,2000
1581,1470,2000
1581,1469,2000
1581,1469,2000
1581,1469,2000
1581,1469,2000
1581,1469,2000
1581,1468,2000
1581,1468,2000
1581,1468,2000
1580,1468,2000
1580,1468,2000
1580,1467,2000
1580,1467,2000
1580,1467,2000
1580,1467,2000
1580,1466,2000
1580,1466,2000
1580,1466,2000
1580,1466,2000
1580,1466,2000
1580,1465,2000
1580,1465,2000
1580,1465,2000
1580,1465,2000
1580,1465,2000
1580,1464,2000
1580,1464,2000
1580,1464,2000
1580,1464,2000
1580,1464,2000
1580,1463,2000
1580,1463,2000
1580,1463,2000
1580,1463,2000
1580,1463,2000
1580,1462,2000
1580,1462,2000
1580,1462,2000
1580,1462,2000
1580,1462,2000
1580,1461,2000
1580,1461,2000
1580,1461,2000
1580,1461,2000
1580,1461,2000
1580,1460,2000
1580,1460,2000
1580,1460,2000
1580,1460,2000
1580,1460,2000
1580,1460,2000
1580,1459,2000
1580,1459,2000
1580,1459,2000
1580,1459,2000
1580,1459,2000
1580,1458,2000
1580,1458,2000
1580,1458,2000
1580,1458,2000
1580,1458,2000
1580,1458,2000
1580,1457,2000
1580,1457,2000
1580,1457,2000
1580,1457,2000
1580,1457,2000
1580,1457,2000
1580,1456,2000
1580,1456,2000
1580,1456,2000
1580,1456,2000
1580,1456,2000
1580,1456,2000
1580,1455,2000
1580,1455,2000
1580,1455,2000
1580,1455,2000
1580,1455,2000
1580,1455,2000
1580,1454,2000
1580,1454,2000
1580,1454,2000
1580,1454,2000
1580,1454,2000
1580,1454,2000
1580,1453,2000
1580,1453,2000
1580,1453,2000
1580,1453,2000
1580,1453,2000
1580,1453,2000
1580,1453,2000
1580,1452,2000
1580,1452,2000
1580,1452,2000
1581,1452,2000
1581,1452,2000
1581,1452,2000
1581,1451,2000
1581,1451,2000
1581,1451,2000
1581,1451,2000
1581,1451,2000
1581,1451,2000
1581,1451,2000
1581,1450,2000
1581,1450,2000
1581,1450,2000
1581,1450,2000
1581,1450,2000
1581,1450,2000
1581,1450,2000
1581,1450,2000
1582,1449,2000
1582,1449,2000
1582,1449,2000
1582,1449,2000
1582,1449,2000
1582,1449,2000
1582,1449,2000
1582,1449,2000
1582,1448,2000
1582,1448,2000
1582,1448,2000
1582,1448,2000
1582,1448,2000
1582,1448,2000
1582,1448,2000
1583,1448,2000
1583,1447,2000
1583,1447,2000
1583,1447,2000
1583,1447,2000
1583,1447,2000
1583,1447,2000
1583,1447,2000
1583,1447,2000
1583,1447,2000
1583,1446,2000
1584,1446,2000
1584,1446,2000
1584,1446,2000
1584,1446,2000
1584,1446,2000
1584,1446,2000
1584,1446,2000
1584,1446,2000
1584,1446,2000
1584,1446,2000
1584,1445,2000
1585,1445,2000
1585,1445,2000
1585,1445,2000
1585,1445,2000
1585,1445,2000
1585,1445,2000
1585,1445,2000
1585,1445,2000
1585,1445,2000
1586,1445,2000
1586,1444,2000
1586,1444,2000
1586,1444,2000
1586,1444,2000
1586,1444,1000
