1491,1586,1000
1491,1586,2000
1493,1582,2000
1495,1578,2000
1497,1574,2000
1499,1570,2000
1501,1566,2000
1502,1562,2000
1504,1558,2000
1506,1554,2000
1507,1550,2000
1509,1546,2000
1510,1542,2000
1512,1538,2000
1513,1534,2000
1515,1530,2000
1516,1526,2000
1517,1523,2000
1519,1519,2000
1520,1515,2000
1521,1511,2000
1522,1507,2000
1522,1505,2000
1521,1503,2000
1520,1501,2000
1519,1498,2000
1519,1496,2000
1518,1494,2000
1517,1492,2000
1516,1489,2000
1516,1487,2000
1515,1485,2000
1514,1483,2000
1513,1480,2000
1512,1478,2000
1511,1476,2000
1511,1473,2000
1510,1471,2000
1509,1469,2000
1508,1467,2000
1507,1464,2000
1506,1462,2000
1505,1460,2000
1504,1458,2000
1502,1456,2000
1501,1454,2000
1500,1452,2000
1499,1450,2000
1497,1448,2000
1496,1447,2000
1495,1445,2000
1493,1443,2000
1492,1441,2000
1491,1439,2000
1489,1437,2000
1488,1435,2000
1487,1433,2000
1485,1431,2000
1484,1429,2000
1483,1427,2000
1481,1425,2000
1480,1423,2000
1478,1421,2000
1477,1420,2000
1475,1418,2000
1473,1416,2000
1472,1415,2000
1470,1413,2000
1468,1411,2000
1467,1410,2000
1465,1408,2000
1463,1406,2000
1462,1404,2000
1460,1403,2000
1459,1401,2000
1457,1399,2000
1455,1398,2000
1454,1396,2000
1452,1394,2000
1450,1393,2000
1449,1391,2000
1447,1389,2000
1445,1388,2000
1443,1386,2000
1441,1385,2000
1440,1384,2000
1438,1382,2000
1436,1381,2000
1434,1379,2000
1432,1378,2000
1430,1376,2000
1428,1375,2000
1426,1374,2000
1425,1372,2000
1423,1371,2000
1421,1369,2000
1419,1368,2000
1417,1367,2000
1415,1365,2000
1413,1364,2000
1411,1363,2000
1410,1361,2000
1407,1360,2000
1405,1359,2000
1403,1358,2000
1401,1357,2000
1399,1356,2000
1397,1355,2000
1395,1354,2000
1393,1353,2000
1390,1352,2000
1388,1351,2000
1386,1350,2000
1384,1349,2000
1382,1348,2000
1380,1347,2000
1378,1346,2000
1376,1345,2000
1374,1344,2000
1371,1343,2000
1369,1342,2000
1367,1341,2000
1365,1341,2000
1362,1340,2000
1360,1340,2000
1357,1340,2000
1355,1339,2000
1352,1339,2000
1350,1339,2000
1347,1338,2000
1344,1338,2000
1342,1338,2000
1339,1338,2000
1337,1337,2000
1334,1337,2000
1332,1337,2000
1329,1337,2000
1327,1337,2000
1324,1336,2000
1322,1336,2000
1319,1336,2000
1316,1336,2000
1327,1348,2000
1337,1360,2000
1347,1372,2000
1357,1384,2000
1366,1396,2000
1376,1409,2000
1385,1421,2000
1395,1433,2000
1404,1446,2000
1413,1458,2000
1421,1471,2000
1430,1483,2000
1438,1496,2000
1447,1509,2000
1455,1522,2000
1462,1534,2000
1470,1547,2000
1477,1560,2000
1484,1573,2000
1491,1586,2000
1487,1588,2000
1482,1589,2000
1477,1590,2000
1473,1591,2000
1468,1592,2000
1463,1594,2000
1458,1595,2000
1454,1596,2000
1449,1598,2000
1444,1599,2000
1439,1601,2000
1434,1602,2000
1429,1604,2000
1424,1606,2000
1419,1608,2000
1414,1609,2000
1409,1611,2000
1404,1613,2000
1399,1615,2000
1394,1617,2000
1391,1617,2000
1389,1617,2000
1386,1616,2000
1384,1616,2000
1381,1615,2000
1379,1615,2000
1376,1615,2000
1374,1614,2000
1371,1614,2000
1369,1614,2000
1366,1613,2000
1363,1613,2000
1361,1613,2000
1358,1613,2000
1356,1612,2000
1353,1612,2000
1351,1612,2000
1348,1612,2000
1345,1611,2000
1343,1611,2000
1341,1610,2000
1339,1609,2000
1337,1608,2000
1335,1608,2000
1333,1607,2000
1331,1606,2000
1329,1605,2000
1327,1604,2000
1325,1603,2000
1323,1603,2000
1321,1602,2000
1319,1601,2000
1317,1600,2000
1315,1599,2000
1313,1599,2000
1311,1598,2000
1309,1597,2000
1307,1596,2000
1305,1596,2000
1303,1595,2000
1302,1594,2000
1300,1592,2000
1298,1591,2000
1297,1590,2000
1295,1589,2000
1294,1587,2000
1292,1586,2000
1291,1585,2000
1289,1584,2000
1287,1583,2000
1286,1581,2000
1284,1580,2000
1283,1579,2000
1281,1578,2000
1280,1577,2000
1278,1575,2000
1276,1574,2000
1275,1573,2000
1273,1572,2000
1272,1571,2000
1270,1569,2000
1269,1568,2000
1268,1566,2000
1267,1564,2000
1266,1563,2000
1265,1561,2000
1263,1560,2000
1262,1558,2000
1261,1556,2000
1260,1555,2000
1259,1553,2000
1257,1552,2000
1256,1550,2000
1255,1548,2000
1254,1547,2000
1253,1545,2000
1251,1544,2000
1250,1542,2000
1249,1541,2000
1248,1539,2000
1247,1537,2000
1246,1535,2000
1246,1533,2000
1245,1531,2000
1244,1529,2000
1243,1527,2000
1243,1525,2000
1242,1523,2000
1241,1521,2000
1240,1519,2000
1240,1517,2000
1239,1515,2000
1238,1513,2000
1237,1510,2000
1237,1508,2000
1236,1506,2000
1235,1504,2000
1234,1502,2000
1233,1500,2000
1233,1498,2000
1233,1496,2000
1233,1493,2000
1233,1490,2000
1233,1487,2000
1232,1484,2000
1232,1481,2000
1232,1479,2000
1232,1476,2000
1232,1473,2000
1232,1470,2000
1232,1468,2000
1232,1465,2000
1232,1462,2000
1232,1459,2000
1231,1457,2000
1231,1454,2000
1231,1451,2000
1231,1448,2000
1231,1446,2000
1230,1443,2000
1245,1448,2000
1259,1454,2000
1273,1459,2000
1286,1465,2000
1300,1471,2000
1313,1478,2000
1327,1484,2000
1340,1491,2000
1353,1498,2000
1366,1505,2000
1379,1512,2000
1392,1520,2000
1405,1528,2000
1417,1536,2000
1430,1544,2000
1442,1552,2000
1455,1560,2000
1467,1569,2000
1479,1578,2000
1491,1586,2000
1493,1582,2000
1495,1578,2000
1497,1574,2000
1499,1570,2000
1501,1566,2000
1502,1562,2000
1504,1558,2000
1506,1554,2000
1507,1550,2000
1509,1546,2000
1510,1542,2000
1512,1538,2000
1513,1534,2000
1515,1530,2000
1516,1526,2000
1517,1523,2000
1519,1519,2000
1520,1515,2000
1521,1511,2000
1522,1507,2000
1522,1505,2000
1521,1503,2000
1520,1501,2000
1519,1498,2000
1519,1496,2000
1518,1494,2000
1517,1492,2000
1516,1489,2000
1516,1487,2000
1515,1485,2000
1514,1483,2000
1513,1480,2000
1512,1478,2000
1511,1476,2000
1511,1473,2000
1510,1471,2000
1509,1469,2000
1508,1467,2000
1507,1464,2000
1506,1462,2000
1505,1460,2000
1504,1458,2000
1502,1456,2000
1501,1454,2000
1500,1452,2000
1499,1450,2000
1497,1448,2000
1496,1447,2000
1495,1445,2000
1493,1443,2000
1492,1441,2000
1491,1439,2000
1489,1437,2000
1488,1435,2000
1487,1433,2000
1485,1431,2000
1484,1429,2000
1483,1427,2000
1481,1425,2000
1480,1423,2000
1478,1421,2000
1477,1420,2000
1475,1418,2000
1473,1416,2000
1472,1415,2000
1470,1413,2000
1468,1411,2000
1467,1410,2000
1465,1408,2000
1463,1406,2000
1462,1404,2000
1460,1403,2000
1459,1401,2000
1457,1399,2000
1455,1398,2000
1454,1396,2000
1452,1394,2000
1450,1393,2000
1449,1391,2000
1447,1389,2000
1445,1388,2000
1443,1386,2000
1441,1385,2000
1440,1384,2000
1438,1382,2000
1436,1381,2000
1434,1379,2000
1432,1378,2000
1430,1376,2000
1428,1375,2000
1426,1374,2000
1425,1372,2000
1423,1371,2000
1421,1369,2000
1419,1368,2000
1417,1367,2000
1415,1365,2000
1413,1364,2000
1411,1363,2000
1410,1361,2000
1407,1360,2000
1405,1359,2000
1403,1358,2000
1401,1357,2000
1399,1356,2000
1397,1355,2000
1395,1354,2000
1393,1353,2000
1390,1352,2000
1388,1351,2000
1386,1350,2000
1384,1349,2000
1382,1348,2000
1380,1347,2000
1378,1346,2000
1376,1345,2000
1374,1344,2000
1371,1343,2000
1369,1342,2000
1367,1341,2000
1365,1341,2000
1362,1340,2000
1360,1340,2000
1357,1340,2000
1355,1339,2000
1352,1339,2000
1350,1339,2000
1347,1338,2000
1344,1338,2000
1342,1338,2000
1339,1338,2000
1337,1337,2000
1334,1337,2000
1332,1337,2000
1329,1337,2000
1327,1337,2000
1324,1336,2000
1322,1336,2000
1319,1336,2000
1319,1336,1000
