1706,1623,2000
1699,1615,2000
1693,1607,2000
1687,1599,2000
1681,1592,2000
1674,1584,2000
1668,1576,2000
1661,1568,2000
1655,1560,2000
1648,1552,2000
1642,1545,2000
1635,1537,2000
1628,1529,2000
1621,1521,2000
1614,1513,2000
1608,1505,2000
1601,1497,2000
1594,1489,2000
1587,1481,2000
1579,1473,2000
1572,1465,2000
1565,1457,2000
1558,1449,2000
1551,1441,2000
1543,1433,2000
1536,1425,2000
1529,1416,2000
1522,1408,2000
1514,1400,2000
1507,1392,2000
1499,1384,2000
1492,1376,2000
1485,1368,2000
1477,1360,2000
1470,1351,2000
1462,1343,2000
1455,1335,2000
1447,1327,2000
1440,1319,2000
1432,1311,2000
1425,1303,2000
1417,1294,2000
1410,1286,2000
1402,1278,2000
1395,1270,2000
1387,1262,2000
1380,1254,2000
1372,1246,2000
1365,1238,2000
1357,1230,2000
1350,1222,2000
1351,1220,2000
1352,1217,2000
1353,1215,2000
1354,1213,2000
1354,1211,2000
1355,1208,2000
1356,1206,2000
1357,1204,2000
1357,1202,2000
1358,1200,2000
1358,1198,2000
1359,1196,2000
1359,1194,2000
1360,1192,2000
1360,1190,2000
1361,1188,2000
1361,1186,2000
1361,1184,2000
1361,1182,2000
1362,1180,2000
1362,1179,2000
1362,1177,2000
1362,1175,2000
1362,1173,2000
1362,1172,2000
1361,1170,2000
1361,1169,2000
1361,1167,2000
1361,1165,2000
1360,1164,2000
1360,1163,2000
1359,1161,2000
1359,1160,2000
1358,1158,2000
1358,1157,2000
1357,1156,2000
1356,1155,2000
1355,1153,2000
1354,1152,2000
1353,1151,2000
1352,1150,2000
1351,1149,2000
1350,1148,2000
1348,1147,2000
1347,1147,2000
1346,1146,2000
1344,1145,2000
1342,1144,2000
1341,1144,2000
1339,1143,2000
1349,1156,2000
1358,1168,2000
1368,1181,2000
1378,1193,2000
1388,1206,2000
1398,1218,2000
1408,1230,2000
1419,1242,2000
1429,1254,2000
1440,1266,2000
1450,1278,2000
1461,1290,2000
1472,1302,2000
1483,1313,2000
1494,1325,2000
1505,1336,2000
1516,1348,2000
1527,1359,2000
1538,1370,2000
1550,1381,2000
1561,1392,2000
1573,1403,2000
1585,1413,2000
1596,1424,2000
1608,1434,2000
1620,1445,2000
1631,1455,2000
1643,1465,2000
1655,1475,2000
1667,1485,2000
1679,1495,2000
1691,1505,2000
1703,1514,2000
1714,1524,2000
1726,1533,2000
1738,1543,2000
1750,1552,2000
1761,1561,2000
1773,1570,2000
1785,1580,2000
1796,1588,2000
1807,1597,2000
1819,1606,2000
1830,1615,2000
1841,1623,2000
1852,1632,2000
1863,1640,2000
1873,1649,2000
1884,1657,2000
1894,1665,2000
1890,1663,2000
1886,1661,2000
1881,1659,2000
1877,1657,2000
1873,1655,2000
1869,1653,2000
1865,1651,2000
1861,1649,2000
1857,1647,2000
1853,1646,2000
1849,1644,2000
1845,1643,2000
1841,1641,2000
1837,1640,2000
1833,1639,2000
1829,1638,2000
1825,1637,2000
1821,1636,2000
1817,1635,2000
1813,1634,2000
1810,1633,2000
1806,1632,2000
1802,1632,2000
1798,1631,2000
1794,1630,2000
1791,1630,2000
1787,1630,2000
1783,1629,2000
1779,1629,2000
1776,1629,2000
1772,1629,2000
1768,1629,2000
1764,1629,2000
1761,1629,2000
1757,1629,2000
1753,1629,2000
1749,1629,2000
1746,1629,2000
1742,1630,2000
1738,1630,2000
1735,1630,2000
1731,1631,2000
1727,1631,2000
1723,1632,2000
1720,1633,2000
1716,1633,2000
1712,1634,2000
1709,1635,2000
1705,1636,2000
