1534,1652,1000
1534,1652,2000
1533,1650,2000
1532,1648,2000
1530,1646,2000
1529,1644,2000
1527,1642,2000
1526,1640,2000
1524,1638,2000
1523,1637,2000
1521,1635,2000
1520,1633,2000
1518,1631,2000
1517,1629,2000
1515,1627,2000
1513,1625,2000
1512,1623,2000
1510,1621,2000
1509,1619,2000
1507,1617,2000
1506,1615,2000
1504,1613,2000
1503,1611,2000
1501,1609,2000
1499,1607,2000
1498,1606,2000
1496,1604,2000
1495,1602,2000
1493,1600,2000
1492,1598,2000
1490,1596,2000
1488,1594,2000
1487,1592,2000
1485,1590,2000
1484,1588,2000
1482,1587,2000
1480,1585,2000
1479,1583,2000
1477,1581,2000
1475,1579,2000
1474,1577,2000
1472,1575,2000
1471,1573,2000
1469,1572,2000
1467,1570,2000
1466,1568,2000
1464,1566,2000
1462,1564,2000
1461,1562,2000
1459,1560,2000
1457,1559,2000
1456,1557,2000
1458,1555,2000
1460,1553,2000
1462,1551,2000
1464,1549,2000
1466,1548,2000
1468,1546,2000
1470,1544,2000
1473,1542,2000
1475,1541,2000
1477,1539,2000
1479,1537,2000
1481,1535,2000
1483,1534,2000
1485,1532,2000
1487,1530,2000
1489,1529,2000
1491,1527,2000
1493,1526,2000
1495,1524,2000
1497,1522,2000
1499,1521,2000
1500,1519,2000
1502,1518,2000
1504,1516,2000
1506,1515,2000
1508,1513,2000
1510,1512,2000
1512,1510,2000
1514,1509,2000
1516,1507,2000
1517,1506,2000
1519,1504,2000
1521,1503,2000
1523,1501,2000
1525,1500,2000
1526,1499,2000
1528,1497,2000
1530,1496,2000
1532,1495,2000
1533,1493,2000
1535,1492,2000
1537,1491,2000
1539,1489,2000
1540,1488,2000
1542,1487,2000
1544,1486,2000
1546,1484,2000
1547,1483,2000
1549,1482,2000
1551,1481,2000
1553,1483,2000
1555,1485,2000
1556,1487,2000
1558,1489,2000
1560,1491,2000
1562,1493,2000
1564,1495,2000
1566,1497,2000
1568,1499,2000
1570,1501,2000
1572,1503,2000
1574,1505,2000
1576,1507,2000
1578,1509,2000
1580,1511,2000
1582,1514,2000
1584,1516,2000
1586,1518,2000
1587,1520,2000
1589,1522,2000
1591,1524,2000
1593,1526,2000
1595,1528,2000
1597,1530,2000
1599,1532,2000
1601,1534,2000
1603,1536,2000
1604,1539,2000
1606,1541,2000
1608,1543,2000
1610,1545,2000
1612,1547,2000
1614,1549,2000
1616,1551,2000
1617,1553,2000
1619,1555,2000
1621,1557,2000
1623,1559,2000
1625,1562,2000
1627,1564,2000
1628,1566,2000
1630,1568,2000
1632,1570,2000
1634,1572,2000
1636,1574,2000
1637,1576,2000
1639,1578,2000
1641,1580,2000
1643,1583,2000
1645,1585,2000
1643,1586,2000
1641,1587,2000
1638,1588,2000
1636,1589,2000
1634,1590,2000
1632,1591,2000
1630,1592,2000
1628,1593,2000
1626,1594,2000
1624,1595,2000
1622,1596,2000
1620,1597,2000
1618,1599,2000
1616,1600,2000
1613,1601,2000
1611,1602,2000
1609,1603,2000
1607,1605,2000
1605,1606,2000
1603,1607,2000
1601,1608,2000
1598,1610,2000
1596,1611,2000
1594,1612,2000
1592,1614,2000
1590,1615,2000
1587,1616,2000
1585,1618,2000
1583,1619,2000
1581,1621,2000
1579,1622,2000
1576,1623,2000
1574,1625,2000
1572,1626,2000
1570,1628,2000
1567,1629,2000
1565,1631,2000
1563,1632,2000
1560,1634,2000
1558,1636,2000
1556,1637,2000
1553,1639,2000
1551,1640,2000
1549,1642,2000
1546,1644,2000
1544,1645,2000
1542,1647,2000
1539,1649,2000
1537,1651,2000
1537,1651,1000
