1534,1652,1000
1534,1652,1000
1534,1652,2000
1533,1650,2000
1531,1647,2000
1529,1644,2000
1527,1642,2000
1525,1639,2000
1523,1637,2000
1521,1634,2000
1519,1631,2000
1517,1629,2000
1514,1626,2000
1512,1624,2000
1510,1621,2000
1508,1618,2000
1506,1616,2000
1504,1613,2000
1502,1611,2000
1500,1608,2000
1498,1606,2000
1496,1603,2000
1494,1600,2000
1492,1598,2000
1489,1595,2000
1487,1593,2000
1485,1590,2000
1483,1588,2000
1481,1585,2000
1479,1583,2000
1477,1580,2000
1474,1578,2000
1472,1575,2000
1470,1573,2000
1468,1570,2000
1466,1568,2000
1463,1565,2000
1461,1563,2000
1459,1560,2000
1457,1558,2000
1454,1556,2000
1452,1553,2000
1450,1551,2000
1448,1548,2000
1445,1546,2000
1443,1543,2000
1441,1541,2000
1439,1539,2000
1436,1536,2000
1434,1534,2000
1432,1531,2000
1429,1529,2000
1427,1527,2000
1429,1525,2000
1431,1523,2000
1433,1521,2000
1435,1519,2000
1437,1517,2000
1439,1515,2000
1441,1513,2000
1443,1512,2000
1445,1510,2000
1447,1508,2000
1449,1506,2000
1451,1505,2000
1453,1503,2000
1455,1501,2000
1457,1499,2000
1459,1498,2000
1461,1496,2000
1463,1494,2000
1465,1493,2000
1466,1491,2000
1468,1489,2000
1470,1488,2000
1472,1486,2000
1474,1484,2000
1476,1483,2000
1477,1481,2000
1479,1480,2000
1481,1478,2000
1483,1477,2000
1484,1475,2000
1486,1473,2000
1488,1472,2000
1490,1470,2000
1491,1469,2000
1493,1467,2000
1495,1466,2000
1496,1465,2000
1498,1463,2000
1500,1462,2000
1501,1460,2000
1503,1459,2000
1505,1457,2000
1506,1456,2000
1508,1455,2000
1509,1453,2000
1511,1452,2000
1513,1451,2000
1514,1449,2000
1516,1448,2000
1517,1447,2000
1520,1449,2000
1523,1452,2000
1525,1455,2000
1528,1457,2000
1531,1460,2000
1533,1463,2000
1536,1466,2000
1539,1468,2000
1541,1471,2000
1544,1474,2000
1547,1476,2000
1549,1479,2000
1552,1482,2000
1555,1485,2000
1557,1487,2000
1560,1490,2000
1562,1493,2000
1565,1496,2000
1568,1498,2000
1570,1501,2000
1573,1504,2000
1575,1507,2000
1578,1509,2000
1580,1512,2000
1583,1515,2000
1586,1518,2000
1588,1520,2000
1591,1523,2000
1593,1526,2000
1596,1529,2000
1598,1532,2000
1601,1534,2000
1603,1537,2000
1606,1540,2000
1608,1543,2000
1611,1545,2000
1613,1548,2000
1616,1551,2000
1618,1554,2000
1621,1557,2000
1623,1559,2000
1625,1562,2000
1628,1565,2000
1630,1568,2000
1633,1571,2000
1635,1573,2000
1637,1576,2000
1640,1579,2000
1642,1582,2000
1645,1585,2000
1643,1586,2000
1641,1587,2000
1638,1588,2000
1636,1589,2000
1634,1590,2000
1632,1591,2000
1630,1592,2000
1628,1593,2000
1626,1594,2000
1624,1595,2000
1622,1596,2000
1620,1597,2000
1618,1599,2000
1616,1600,2000
1613,1601,2000
1611,1602,2000
1609,1603,2000
1607,1605,2000
1605,1606,2000
1603,1607,2000
1601,1608,2000
1598,1610,2000
1596,1611,2000
1594,1612,2000
1592,1614,2000
1590,1615,2000
1587,1616,2000
1585,1618,2000
1583,1619,2000
1581,1621,2000
1579,1622,2000
1576,1623,2000
1574,1625,2000
1572,1626,2000
1570,1628,2000
1567,1629,2000
1565,1631,2000
1563,1632,2000
1560,1634,2000
1558,1636,2000
1556,1637,2000
1553,1639,2000
1551,1640,2000
1549,1642,2000
1546,1644,2000
1544,1645,2000
1542,1647,2000
1539,1649,2000
1537,1651,2000
1537,1651,1000
1537,1651,1000
