1462,1876,1000
1462,1876,2000
1460,1870,2000
1458,1865,2000
1456,1859,2000
1454,1854,2000
1452,1848,2000
1450,1843,2000
1448,1837,2000
1445,1832,2000
1443,1827,2000
1441,1821,2000
1439,1816,2000
1437,1811,2000
1435,1806,2000
1432,1801,2000
1430,1796,2000
1428,1790,2000
1426,1785,2000
1423,1781,2000
1421,1776,2000
1418,1771,2000
1416,1766,2000
1414,1761,2000
1411,1756,2000
1409,1751,2000
1406,1746,2000
1404,1742,2000
1401,1737,2000
1399,1732,2000
1396,1728,2000
1394,1723,2000
1391,1718,2000
1388,1714,2000
1386,1709,2000
1383,1705,2000
1380,1700,2000
1378,1696,2000
1375,1691,2000
1372,1687,2000
1369,1682,2000
1367,1678,2000
1364,1673,2000
1361,1669,2000
1358,1665,2000
1355,1660,2000
1352,1656,2000
1350,1652,2000
1347,1647,2000
1344,1643,2000
1341,1639,2000
1338,1634,2000
1338,1634,2000
1338,1634,2000
1338,1634,2000
1338,1634,2000
1338,1634,2000
1338,1634,2000
1338,1634,2000
1338,1634,2000
1338,1634,2000
1338,1634,2000
1338,1634,2000
1338,1634,2000
1338,1634,2000
1338,1634,2000
1338,1634,2000
1338,1634,2000
1338,1634,2000
1338,1634,2000
1338,1634,2000
1338,1634,2000
1338,1634,2000
1338,1634,2000
1338,1634,2000
1338,1634,2000
1338,1634,2000
1338,1634,2000
1338,1634,2000
1338,1634,2000
1338,1634,2000
1338,1634,2000
1338,1634,2000
1338,1634,2000
1338,1634,2000
1338,1634,2000
1338,1634,2000
1338,1634,2000
1338,1634,2000
1338,1634,2000
1338,1634,2000
1338,1634,2000
1338,1634,2000
1338,1634,1000
1338,1634,2000
1338,1634,2000
1338,1634,2000
1338,1634,2000
1338,1634,2000
1338,1634,2000
1338,1634,2000
1338,1634,2000
1338,1634,2000
1341,1631,2000
1344,1628,2000
1347,1625,2000
1350,1622,2000
1353,1619,2000
1356,1616,2000
1359,1613,2000
1362,1611,2000
1365,1608,2000
1368,1605,2000
1371,1602,2000
1373,1600,2000
1376,1597,2000
1379,1594,2000
1382,1592,2000
1385,1589,2000
1387,1587,2000
1390,1584,2000
1393,1582,2000
1395,1579,2000
1398,1577,2000
1401,1574,2000
1403,1572,2000
1406,1569,2000
1409,1567,2000
1411,1565,2000
1414,1563,2000
1416,1560,2000
1419,1558,2000
1422,1556,2000
1424,1554,2000
1427,1552,2000
1429,1549,2000
1431,1547,2000
1434,1545,2000
1436,1543,2000
1439,1541,2000
1441,1539,2000
1444,1537,2000
1446,1535,2000
1448,1533,2000
1451,1531,2000
1453,1530,2000
1456,1528,2000
1458,1526,2000
1460,1524,2000
1462,1522,2000
1465,1520,2000
1467,1519,2000
1469,1517,2000
1473,1521,2000
1477,1526,2000
1480,1531,2000
1484,1535,2000
1487,1540,2000
1491,1544,2000
1495,1549,2000
1498,1554,2000
1502,1558,2000
1505,1563,2000
1509,1568,2000
1512,1572,2000
1515,1577,2000
1519,1581,2000
1522,1586,2000
1526,1591,2000
1529,1595,2000
1532,1600,2000
1536,1605,2000
1539,1609,2000
1542,1614,2000
1546,1619,2000
1549,1624,2000
1552,1628,2000
1555,1633,2000
1558,1638,2000
1562,1642,2000
1565,1647,2000
1568,1652,2000
1571,1657,2000
1574,1661,2000
1577,1666,2000
1580,1671,2000
1583,1676,2000
1586,1681,2000
1589,1685,2000
1592,1690,2000
1595,1695,2000
1598,1700,2000
1600,1705,2000
1603,1709,2000
1606,1714,2000
1609,1719,2000
1612,1724,2000
1614,1729,2000
1617,1734,2000
1620,1739,2000
1622,1743,2000
1625,1748,2000
1628,1753,2000
1625,1754,2000
1622,1756,2000
1618,1757,2000
1615,1758,2000
1612,1760,2000
1609,1761,2000
1606,1762,2000
1603,1764,2000
1600,1765,2000
1597,1767,2000
1594,1768,2000
1591,1770,2000
1588,1772,2000
1585,1773,2000
1582,1775,2000
1578,1776,2000
1575,1778,2000
1572,1780,2000
1569,1782,2000
1566,1783,2000
1563,1785,2000
1560,1787,2000
1556,1789,2000
1553,1791,2000
1550,1793,2000
1547,1795,2000
1544,1797,2000
1540,1799,2000
1537,1802,2000
1534,1804,2000
1531,1806,2000
1527,1808,2000
1524,1811,2000
1521,1813,2000
1517,1815,2000
1514,1818,2000
1511,1820,2000
1507,1823,2000
1504,1826,2000
1501,1828,2000
1497,1831,2000
1494,1834,2000
1490,1837,2000
1487,1840,2000
1484,1843,2000
1480,1846,2000
1477,1849,2000
1473,1852,2000
1469,1855,2000
