1184,1899,1000
1184,1899,1000
1184,1899,1000
1184,1899,1000
1184,1899,2000
1182,1892,2000
1180,1886,2000
1178,1880,2000
1176,1874,2000
1174,1868,2000
1172,1863,2000
1169,1857,2000
1167,1852,2000
1165,1847,2000
1163,1842,2000
1161,1837,2000
1159,1832,2000
1156,1828,2000
1154,1823,2000
1152,1818,2000
1150,1814,2000
1147,1810,2000
1145,1805,2000
1143,1801,2000
1140,1797,2000
1138,1793,2000
1136,1789,2000
1133,1785,2000
1131,1781,2000
1128,1777,2000
1126,1773,2000
1123,1769,2000
1121,1765,2000
1118,1762,2000
1116,1758,2000
1113,1754,2000
1110,1751,2000
1108,1747,2000
1105,1744,2000
1103,1740,2000
1100,1737,2000
1097,1733,2000
1094,1730,2000
1092,1727,2000
1089,1723,2000
1086,1720,2000
1083,1717,2000
1080,1713,2000
1077,1710,2000
1075,1707,2000
1072,1704,2000
1069,1701,2000
1066,1698,2000
1063,1695,2000
1060,1692,2000
1066,1685,2000
1071,1679,2000
1077,1673,2000
1082,1667,2000
1087,1662,2000
1092,1656,2000
1097,1651,2000
1102,1646,2000
1107,1641,2000
1111,1636,2000
1116,1631,2000
1120,1627,2000
1124,1622,2000
1128,1617,2000
1132,1613,2000
1136,1609,2000
1140,1604,2000
1144,1600,2000
1148,1596,2000
1151,1592,2000
1155,1588,2000
1159,1584,2000
1162,1580,2000
1165,1576,2000
1169,1572,2000
1172,1568,2000
1175,1565,2000
1179,1561,2000
1182,1557,2000
1185,1554,2000
1188,1550,2000
1191,1547,2000
1194,1543,2000
1197,1540,2000
1200,1537,2000
1203,1533,2000
1206,1530,2000
1209,1527,2000
1212,1524,2000
1214,1520,2000
1217,1517,2000
1220,1514,2000
1223,1511,2000
1225,1508,2000
1228,1505,2000
1230,1502,2000
1233,1499,2000
1236,1496,2000
1238,1493,2000
1241,1490,2000
1244,1493,2000
1247,1496,2000
1250,1499,2000
1253,1502,2000
1256,1505,2000
1259,1508,2000
1261,1511,2000
1264,1515,2000
1267,1518,2000
1270,1521,2000
1273,1524,2000
1276,1527,2000
1279,1530,2000
1282,1533,2000
1285,1537,2000
1288,1540,2000
1290,1543,2000
1293,1546,2000
1296,1549,2000
1299,1553,2000
1302,1556,2000
1305,1559,2000
1307,1563,2000
1310,1566,2000
1313,1569,2000
1316,1572,2000
1318,1576,2000
1321,1579,2000
1324,1582,2000
1326,1586,2000
1329,1589,2000
1332,1592,2000
1335,1596,2000
1337,1599,2000
1340,1603,2000
1343,1606,2000
1345,1610,2000
1348,1613,2000
1350,1616,2000
1353,1620,2000
1356,1623,2000
1358,1627,2000
1361,1630,2000
1363,1634,2000
1366,1637,2000
1368,1641,2000
1371,1645,2000
1373,1648,2000
1376,1652,2000
1378,1655,2000
1375,1658,2000
1372,1660,2000
1369,1663,2000
1366,1666,2000
1363,1668,2000
1360,1671,2000
1357,1674,2000
1354,1677,2000
1351,1680,2000
1348,1683,2000
1345,1686,2000
1342,1689,2000
1338,1692,2000
1335,1695,2000
1332,1698,2000
1329,1701,2000
1325,1705,2000
1322,1708,2000
1319,1711,2000
1315,1715,2000
1312,1718,2000
1308,1722,2000
1305,1726,2000
1301,1729,2000
1298,1733,2000
1294,1737,2000
1290,1741,2000
1287,1745,2000
1283,1749,2000
1279,1754,2000
1275,1758,2000
1272,1762,2000
1268,1767,2000
1264,1772,2000
1260,1777,2000
1255,1782,2000
1251,1787,2000
1247,1792,2000
1243,1798,2000
1238,1804,2000
1234,1810,2000
1229,1816,2000
1225,1823,2000
1220,1830,2000
1215,1837,2000
1211,1845,2000
1206,1853,2000
1200,1863,2000
1195,1873,2000
1190,1884,2000
1189,1882,2000
1189,1881,2000
1188,1879,2000
1187,1877,2000
1187,1875,2000
1186,1874,2000
1186,1872,2000
1185,1870,2000
1185,1869,2000
1184,1867,2000
1183,1866,2000
1183,1864,2000
1182,1862,2000
1182,1861,2000
1181,1859,2000
1180,1858,2000
1180,1856,2000
1179,1855,2000
1179,1853,2000
1178,1852,2000
1177,1850,2000
1177,1849,2000
1176,1847,2000
1175,1846,2000
1175,1844,2000
1174,1843,2000
1174,1842,2000
1173,1840,2000
1172,1839,2000
1172,1837,2000
1171,1836,2000
1171,1835,2000
1170,1833,2000
1169,1832,2000
1169,1830,2000
1168,1829,2000
1167,1828,2000
1167,1826,2000
1166,1825,2000
1165,1824,2000
1165,1822,2000
1164,1821,2000
1163,1820,2000
1163,1818,2000
1162,1817,2000
1162,1816,2000
1161,1815,2000
1160,1813,2000
1160,1812,2000
1159,1811,2000
1159,1811,2000
1159,1811,2000
1159,1811,2000
1159,1811,2000
1159,1811,2000
1159,1811,2000
1159,1811,2000
1159,1811,2000
1159,1811,2000
1159,1811,2000
1159,1811,2000
1159,1811,2000
1159,1811,2000
1159,1811,2000
1159,1811,2000
1159,1811,2000
1159,1811,2000
1159,1811,2000
1159,1811,2000
1159,1811,2000
1159,1811,2000
1159,1811,2000
1159,1811,2000
1159,1811,2000
1159,1811,2000
1159,1811,2000
1159,1811,2000
1159,1811,2000
1159,1811,2000
1159,1811,2000
1159,1811,2000
1159,1811,2000
1159,1811,2000
1159,1811,2000
1159,1811,2000
1159,1811,2000
1159,1811,2000
1159,1811,2000
1159,1811,2000
1159,1811,2000
1159,1811,2000
1159,1811,2000
1159,1811,2000
1159,1811,2000
1159,1811,2000
1159,1811,2000
1159,1811,2000
1159,1811,2000
1159,1811,2000
1159,1811,1000
1159,1811,1000
1159,1811,1000
1159,1811,1000
