1333,1686,1000
1333,1686,1000
1333,1686,1000
1333,1686,1000
1333,1686,1000
1333,1686,1000
1333,1686,1000
1333,1686,2000
1332,1684,2000
1331,1682,2000
1329,1680,2000
1328,1678,2000
1327,1676,2000
1325,1674,2000
1324,1672,2000
1322,1670,2000
1321,1668,2000
1320,1665,2000
1318,1663,2000
1317,1661,2000
1315,1659,2000
1314,1657,2000
1313,1655,2000
1311,1653,2000
1310,1651,2000
1308,1649,2000
1307,1647,2000
1306,1645,2000
1304,1643,2000
1303,1641,2000
1301,1639,2000
1300,1637,2000
1298,1635,2000
1297,1633,2000
1295,1631,2000
1294,1629,2000
1292,1627,2000
1291,1625,2000
1290,1623,2000
1288,1621,2000
1287,1619,2000
1285,1617,2000
1284,1615,2000
1282,1613,2000
1281,1611,2000
1279,1609,2000
1278,1607,2000
1276,1605,2000
1275,1603,2000
1273,1602,2000
1271,1600,2000
1270,1598,2000
1268,1596,2000
1267,1594,2000
1265,1592,2000
1264,1590,2000
1262,1588,2000
1261,1586,2000
1263,1584,2000
1265,1582,2000
1267,1580,2000
1269,1577,2000
1271,1575,2000
1273,1573,2000
1276,1571,2000
1278,1569,2000
1280,1566,2000
1282,1564,2000
1284,1562,2000
1286,1560,2000
1288,1558,2000
1290,1556,2000
1292,1554,2000
1294,1552,2000
1296,1550,2000
1298,1548,2000
1300,1546,2000
1301,1544,2000
1303,1542,2000
1305,1540,2000
1307,1538,2000
1309,1536,2000
1311,1534,2000
1313,1533,2000
1315,1531,2000
1316,1529,2000
1318,1527,2000
1320,1525,2000
1322,1523,2000
1324,1522,2000
1325,1520,2000
1327,1518,2000
1329,1516,2000
1331,1515,2000
1332,1513,2000
1334,1511,2000
1336,1509,2000
1338,1508,2000
1339,1506,2000
1341,1504,2000
1343,1503,2000
1344,1501,2000
1346,1499,2000
1348,1498,2000
1349,1496,2000
1351,1494,2000
1353,1493,2000
1354,1491,2000
1356,1493,2000
1357,1495,2000
1359,1497,2000
1361,1499,2000
1362,1500,2000
1364,1502,2000
1366,1504,2000
1367,1506,2000
1369,1508,2000
1371,1510,2000
1372,1511,2000
1374,1513,2000
1375,1515,2000
1377,1517,2000
1379,1519,2000
1380,1521,2000
1382,1523,2000
1383,1524,2000
1385,1526,2000
1387,1528,2000
1388,1530,2000
1390,1532,2000
1391,1534,2000
1393,1536,2000
1395,1537,2000
1396,1539,2000
1398,1541,2000
1399,1543,2000
1401,1545,2000
1402,1547,2000
1404,1549,2000
1406,1551,2000
1407,1553,2000
1409,1555,2000
1410,1556,2000
1412,1558,2000
1413,1560,2000
1415,1562,2000
1416,1564,2000
1418,1566,2000
1419,1568,2000
1421,1570,2000
1422,1572,2000
1424,1574,2000
1426,1576,2000
1427,1578,2000
1429,1579,2000
1430,1581,2000
1432,1583,2000
1433,1585,2000
1431,1587,2000
1430,1588,2000
1428,1590,2000
1426,1591,2000
1424,1593,2000
1422,1595,2000
1421,1596,2000
1419,1598,2000
1417,1599,2000
1415,1601,2000
1413,1603,2000
1411,1604,2000
1410,1606,2000
1408,1608,2000
1406,1609,2000
1404,1611,2000
1402,1613,2000
1400,1614,2000
1398,1616,2000
1396,1618,2000
1395,1620,2000
1393,1622,2000
1391,1623,2000
1389,1625,2000
1387,1627,2000
1385,1629,2000
1383,1631,2000
1381,1633,2000
1379,1635,2000
1377,1637,2000
1375,1639,2000
1373,1640,2000
1371,1642,2000
1369,1644,2000
1367,1646,2000
1365,1649,2000
1363,1651,2000
1360,1653,2000
1358,1655,2000
1356,1657,2000
1354,1659,2000
1352,1661,2000
1350,1663,2000
1348,1666,2000
1346,1668,2000
1343,1670,2000
1341,1672,2000
1339,1675,2000
1337,1677,2000
1335,1679,2000
1333,1678,2000
1332,1676,2000
1331,1674,2000
1329,1673,2000
1328,1671,2000
1327,1669,2000
1325,1668,2000
1324,1666,2000
1323,1664,2000
1321,1663,2000
1320,1661,2000
1319,1659,2000
1317,1658,2000
1316,1656,2000
1315,1654,2000
1313,1653,2000
1312,1651,2000
1310,1650,2000
1309,1648,2000
1308,1646,2000
1306,1645,2000
1305,1643,2000
1304,1642,2000
1302,1640,2000
1301,1638,2000
1299,1637,2000
1298,1635,2000
1297,1634,2000
1295,1632,2000
1294,1630,2000
1292,1629,2000
1291,1627,2000
1290,1626,2000
1288,1624,2000
1287,1623,2000
1285,1621,2000
1284,1619,2000
1283,1618,2000
1281,1616,2000
1280,1615,2000
1278,1613,2000
1277,1612,2000
1275,1610,2000
1274,1609,2000
1273,1607,2000
1271,1606,2000
1270,1604,2000
1268,1603,2000
1267,1601,2000
1267,1601,1000
1267,1601,1000
1267,1601,1000
1267,1601,1000
1267,1601,1000
