1560,1650,1000
1560,1650,2000
1563,1654,2000
1566,1658,2000
1569,1662,2000
1572,1666,2000
1575,1671,2000
1578,1675,2000
1581,1679,2000
1584,1683,2000
1587,1688,2000
1590,1692,2000
1593,1696,2000
1595,1701,2000
1598,1705,2000
1601,1709,2000
1604,1714,2000
1607,1718,2000
1609,1723,2000
1612,1727,2000
1615,1732,2000
1617,1736,2000
1620,1734,2000
1622,1733,2000
1625,1731,2000
1627,1730,2000
1629,1729,2000
1632,1727,2000
1634,1726,2000
1636,1724,2000
1639,1723,2000
1641,1722,2000
1644,1720,2000
1646,1719,2000
1648,1718,2000
1651,1716,2000
1653,1715,2000
1655,1714,2000
1658,1713,2000
1660,1711,2000
1662,1710,2000
1665,1709,2000
1662,1705,2000
1660,1702,2000
1657,1698,2000
1655,1694,2000
1652,1690,2000
1650,1687,2000
1647,1683,2000
1645,1679,2000
1642,1676,2000
1640,1672,2000
1637,1668,2000
1634,1665,2000
1632,1661,2000
1629,1657,2000
1627,1654,2000
1624,1650,2000
1621,1647,2000
1619,1643,2000
1616,1639,2000
1613,1636,2000
1615,1635,2000
1617,1634,2000
1619,1633,2000
1620,1632,2000
1622,1631,2000
1624,1630,2000
1626,1629,2000
1628,1628,2000
1629,1627,2000
1631,1626,2000
1633,1625,2000
1635,1624,2000
1637,1623,2000
1638,1622,2000
1640,1621,2000
1642,1620,2000
1644,1619,2000
1645,1618,2000
1647,1618,2000
1649,1617,2000
1652,1621,2000
1656,1625,2000
1659,1629,2000
1662,1634,2000
1665,1638,2000
1669,1642,2000
1672,1646,2000
1675,1650,2000
1678,1655,2000
1681,1659,2000
1684,1663,2000
1687,1667,2000
1690,1672,2000
1693,1676,2000
1696,1680,2000
1699,1684,2000
1702,1689,2000
1705,1693,2000
1708,1697,2000
1708,1697,1000
