1762,1996,1000
1762,1996,2000
1763,1992,2000
1764,1987,2000
1764,1982,2000
1765,1978,2000
1766,1973,2000
1767,1969,2000
1767,1964,2000
1768,1962,2000
1769,1961,2000
1770,1959,2000
1770,1958,2000
1771,1956,2000
1771,1955,2000
1772,1953,2000
1772,1952,2000
1773,1951,2000
1774,1950,2000
1774,1948,2000
1774,1947,2000
1775,1946,2000
1779,1945,2000
1783,1944,2000
1787,1943,2000
1791,1942,2000
1795,1941,2000
1799,1940,2000
1803,1939,2000
1807,1943,2000
1811,1947,2000
1815,1952,2000
1819,1956,2000
1823,1960,2000
1826,1964,2000
1830,1968,2000
1834,1973,2000
1838,1977,2000
1842,1981,2000
1846,1986,2000
1850,1990,2000
1853,1994,2000
1853,1999,2000
1852,1994,2000
1852,1987,2000
1851,1981,2000
1850,1976,2000
1849,1970,2000
1849,1964,2000
1848,1958,2000
1847,1953,2000
1846,1948,2000
1846,1943,2000
1845,1938,2000
1844,1933,2000
1843,1928,2000
1842,1923,2000
1841,1919,2000
1840,1915,2000
1839,1910,2000
1838,1906,2000
1837,1902,2000
1841,1898,2000
1844,1895,2000
1848,1891,2000
1852,1888,2000
1855,1885,2000
1859,1882,2000
1863,1880,2000
1866,1877,2000
1870,1875,2000
1874,1872,2000
1877,1870,2000
1881,1868,2000
1885,1866,2000
1888,1864,2000
1892,1863,2000
1896,1861,2000
1899,1860,2000
1903,1860,2000
1907,1861,2000
1910,1862,2000
1912,1863,2000
1913,1864,2000
1914,1864,2000
1915,1865,2000
1916,1866,2000
1917,1867,2000
1918,1868,2000
1919,1869,2000
1920,1870,2000
1921,1871,2000
1922,1872,2000
1923,1873,2000
1924,1875,2000
1925,1876,2000
1925,1877,2000
1926,1878,2000
1927,1880,2000
1928,1874,2000
1929,1869,2000
1929,1864,2000
1920,1859,2000
1911,1854,2000
1902,1849,2000
1893,1844,2000
1884,1839,2000
1875,1834,2000
1865,1829,2000
1856,1825,2000
1847,1820,2000
1837,1815,2000
1828,1811,2000
1818,1806,2000
1808,1802,2000
1799,1797,2000
1789,1793,2000
1779,1788,2000
1770,1784,2000
1760,1788,2000
1750,1793,2000
1740,1797,1000
1747,1802,1000
1755,1806,1000
1762,1811,1000
1769,1815,1000
1776,1820,1000
1783,1825,1000
1790,1829,1000
1798,1834,1000
1805,1839,1000
1812,1844,1000
1819,1849,1000
1826,1854,1000
1833,1859,1000
1840,1864,1000
1847,1869,1000
1854,1874,1000
1861,1880,1000
1868,1877,1000
1875,1874,1000
1882,1872,2000
1879,1869,2000
1875,1867,2000
1871,1864,2000
1868,1862,2000
1864,1859,2000
1861,1857,2000
1857,1854,2000
1854,1852,2000
1850,1850,2000
1847,1847,2000
1843,1845,2000
1840,1843,2000
1836,1841,2000
1833,1839,2000
1829,1836,2000
1826,1834,2000
1822,1832,2000
1819,1825,2000
1815,1817,2000
1812,1809,2000
1814,1802,2000
1816,1794,2000
1818,1786,2000
1820,1779,2000
1821,1772,2000
1823,1764,2000
1825,1757,2000
1827,1750,2000
1828,1742,2000
1830,1735,2000
1832,1728,2000
1833,1721,2000
1835,1714,2000
1836,1707,2000
1838,1700,2000
1839,1693,2000
1840,1686,2000
1842,1686,2000
1843,1686,2000
1844,1686,2000
1843,1687,2000
1842,1687,2000
1840,1688,2000
1839,1689,2000
1838,1690,2000
1836,1691,2000
1835,1692,2000
1833,1693,2000
1832,1695,2000
1830,1696,2000
1828,1698,2000
1827,1700,2000
1825,1702,2000
1823,1704,2000
1821,1706,2000
1820,1708,2000
1818,1710,2000
1816,1709,2000
1814,1708,2000
1812,1707,2000
1807,1706,2000
1802,1705,2000
1797,1704,2000
1792,1703,2000
1787,1702,2000
1781,1701,2000
1776,1700,2000
1771,1699,2000
1766,1698,2000
1761,1697,2000
1756,1696,2000
1751,1696,2000
1746,1695,2000
1741,1694,2000
1736,1693,2000
1731,1693,2000
1725,1692,2000
1720,1695,2000
1715,1698,2000
1710,1701,2000
1707,1704,2000
1703,1707,2000
1700,1710,2000
1696,1713,2000
1692,1717,2000
1688,1720,2000
1685,1723,2000
1681,1726,2000
1677,1730,2000
1673,1733,2000
1668,1736,2000
1664,1740,2000
1660,1743,2000
1656,1746,2000
1651,1750,2000
1647,1753,2000
1642,1757,2000
1638,1747,2000
1633,1737,2000
1628,1727,1000
1637,1718,1000
1645,1709,1000
1654,1699,1000
1662,1690,1000
1670,1681,1000
1679,1672,1000
1687,1664,1000
1695,1655,1000
1704,1646,1000
1712,1638,1000
1721,1629,1000
1729,1620,1000
1738,1612,1000
1746,1604,1000
1755,1595,1000
1763,1587,1000
1772,1579,1000
1780,1580,1000
1789,1582,1000
1798,1584,2000
1793,1586,2000
1789,1588,2000
1785,1591,2000
1780,1593,2000
1776,1595,2000
1772,1598,2000
1767,1600,2000
1763,1603,2000
1759,1606,2000
1755,1608,2000
1750,1611,2000
1746,1614,2000
1742,1617,2000
1738,1620,2000
1733,1624,2000
1729,1627,2000
1725,1631,2000
1721,1623,2000
1716,1615,2000
1712,1608,2000
1711,1600,2000
1709,1593,2000
1707,1586,2000
1705,1578,2000
1703,1571,2000
1701,1564,2000
1699,1557,2000
1698,1550,2000
1696,1543,2000
1694,1536,2000
1692,1529,2000
1690,1522,2000
1688,1515,2000
1685,1508,2000
1683,1501,2000
1681,1494,2000
1679,1488,2000
1677,1490,2000
1675,1492,2000
1673,1495,2000
1675,1497,2000
1678,1500,2000
1680,1502,2000
1682,1505,2000
1684,1508,2000
1686,1511,2000
1688,1514,2000
1690,1517,2000
1691,1520,2000
1692,1523,2000
1693,1527,2000
1694,1530,2000
1695,1533,2000
1695,1537,2000
1695,1541,2000
1695,1544,2000
1695,1548,2000
1695,1543,2000
1695,1538,2000
1694,1534,1000
1689,1529,1000
1684,1524,1000
1679,1519,1000
1674,1514,1000
1669,1510,1000
1664,1505,1000
1659,1500,1000
1653,1496,1000
1648,1491,1000
1643,1486,1000
1638,1482,1000
1632,1477,1000
1627,1472,1000
1622,1468,1000
1616,1463,1000
1611,1459,1000
1605,1454,1000
1600,1456,1000
1594,1459,1000
1589,1461,2000
1591,1463,2000
1593,1465,2000
1595,1468,2000
1597,1470,2000
1599,1472,2000
1601,1475,2000
1602,1477,2000
1604,1479,2000
1605,1482,2000
1606,1484,2000
1607,1486,2000
1608,1489,2000
1609,1491,2000
1610,1493,2000
1610,1496,2000
1610,1498,2000
1611,1500,2000
1611,1496,2000
1611,1492,2000
1610,1488,2000
1606,1485,2000
1602,1481,2000
1598,1477,2000
1594,1474,2000
1590,1470,2000
1585,1467,2000
1581,1463,2000
1577,1460,2000
1572,1457,2000
1568,1454,2000
1563,1450,2000
1559,1447,2000
1554,1444,2000
1549,1442,2000
1545,1439,2000
1540,1436,2000
1535,1433,2000
1530,1431,2000
1525,1428,2000
1520,1426,2000
1516,1423,2000
1511,1421,2000
1507,1418,2000
1503,1416,2000
1498,1413,2000
1494,1411,2000
1489,1408,2000
1485,1406,2000
1480,1403,2000
1476,1401,2000
1471,1398,2000
1466,1396,2000
1462,1393,2000
1457,1391,2000
1453,1388,2000
1448,1386,2000
1443,1383,2000
1439,1386,2000
1434,1388,2000
1429,1391,1000
1432,1393,1000
1434,1396,1000
1436,1398,1000
1439,1401,1000
1441,1403,1000
1443,1406,1000
1446,1408,1000
1448,1411,1000
1450,1413,1000
1453,1416,1000
1455,1418,1000
1457,1421,1000
1460,1423,1000
1462,1426,1000
1464,1428,1000
1466,1431,1000
1469,1433,1000
1471,1435,1000
1473,1437,1000
1476,1438,2000
1480,1440,2000
1485,1442,2000
1489,1443,2000
1494,1445,2000
1498,1447,2000
1503,1449,2000
1507,1450,2000
1511,1452,2000
1515,1454,2000
1519,1456,2000
1523,1458,2000
1527,1460,2000
1531,1462,2000
1535,1464,2000
1539,1466,2000
1543,1468,2000
1546,1470,2000
1550,1468,2000
1554,1465,2000
1557,1463,2000
1555,1460,2000
1552,1458,2000
1550,1455,2000
1547,1453,2000
1545,1450,2000
1542,1448,2000
1540,1446,2000
1537,1443,2000
1534,1441,2000
1532,1438,2000
1529,1436,2000
1527,1433,2000
1524,1431,2000
1522,1429,2000
1519,1426,2000
1517,1424,2000
1514,1421,2000
1511,1420,2000
1509,1420,2000
1506,1419,2000
1509,1418,2000
1511,1417,2000
1514,1417,2000
1517,1416,2000
1519,1415,2000
1522,1415,2000
1524,1414,2000
1527,1414,2000
1529,1413,2000
1532,1412,2000
1534,1412,2000
1537,1412,2000
1540,1411,2000
1542,1411,2000
1545,1410,2000
1547,1410,2000
1550,1410,2000
1552,1405,2000
1555,1401,2000
1557,1397,2000
1555,1393,2000
1553,1388,2000
1551,1384,2000
1549,1380,2000
1546,1376,2000
1544,1372,2000
1542,1367,2000
1540,1363,2000
1537,1359,2000
1535,1355,2000
1533,1351,2000
1531,1347,2000
1528,1343,2000
1526,1339,2000
1523,1335,2000
1521,1331,2000
1519,1328,2000
1516,1330,2000
1514,1331,2000
1511,1333,2000
1509,1335,2000
1506,1337,2000
1504,1339,2000
1501,1341,2000
1499,1343,2000
1496,1345,2000
1494,1347,2000
1492,1349,2000
1489,1351,2000
1487,1353,2000
1484,1355,2000
1482,1357,2000
1479,1359,2000
1477,1361,2000
1474,1363,2000
1472,1365,2000
1469,1367,2000
1467,1362,2000
1464,1357,2000
1462,1353,2000
1458,1348,2000
1454,1343,2000
1450,1338,2000
1446,1333,2000
1442,1329,2000
1438,1324,2000
1434,1320,2000
1430,1315,2000
1426,1311,2000
1421,1306,2000
1417,1302,2000
1413,1297,2000
1409,1293,2000
1405,1289,2000
1401,1285,2000
1397,1280,2000
1397,1280,1000
