1399,1409,1000
1399,1409,1000
1399,1409,1000
1399,1409,1000
1399,1409,1000
1399,1409,1000
1399,1409,1000
1399,1409,1000
1399,1409,1000
1401,1411,1000
1401,1411,1000
1401,1411,1000
1401,1411,1000
1401,1411,1000
1401,1411,1000
1401,1411,1000
1401,1411,1000
1401,1411,1000
1404,1412,1000
1407,1413,1000
1409,1414,1000
1412,1416,1000
1414,1417,1000
1417,1418,1000
1420,1419,1000
1422,1421,1000
1425,1422,1000
1427,1423,1000
1430,1425,1000
1433,1426,1000
1435,1427,1000
1438,1429,1000
1440,1430,1000
1443,1432,1000
1446,1433,1000
1448,1434,1000
1451,1436,1000
1453,1437,1000
1456,1439,1000
1458,1440,1000
1461,1441,1000
1464,1443,1000
1466,1444,1000
1469,1446,1000
1471,1447,1000
1474,1449,1000
1477,1450,1000
1479,1452,1000
1482,1453,1000
1484,1455,1000
1487,1456,1000
1490,1458,1000
1492,1459,1000
1495,1461,1000
1497,1462,1000
1500,1464,1000
1503,1465,2000
1502,1464,2000
1501,1463,2000
1501,1463,2000
1500,1462,2000
1500,1461,2000
1499,1460,2000
1499,1459,2000
1498,1458,2000
1498,1457,2000
1497,1456,2000
1497,1455,2000
1496,1454,2000
1496,1453,2000
1495,1452,2000
1495,1452,2000
1494,1451,2000
1494,1450,2000
1493,1449,2000
1492,1448,2000
1492,1447,2000
1491,1446,2000
1491,1445,2000
1490,1444,2000
1490,1443,2000
1489,1442,2000
1489,1441,2000
1488,1441,2000
1488,1440,2000
1487,1439,2000
1486,1438,2000
1486,1437,2000
1485,1436,2000
1485,1435,2000
1484,1434,2000
1484,1433,2000
1483,1432,2000
1483,1431,2000
1482,1431,2000
1481,1430,2000
1481,1429,2000
1480,1428,2000
1479,1427,2000
1478,1426,2000
1477,1425,2000
1476,1424,2000
1475,1424,2000
1474,1423,2000
1473,1422,2000
1472,1421,2000
1471,1420,2000
1470,1419,2000
1469,1418,2000
1468,1418,2000
1467,1417,2000
1466,1416,2000
1465,1415,2000
1464,1414,2000
1463,1413,2000
1462,1413,2000
1461,1412,2000
1460,1411,2000
1459,1410,2000
1458,1409,2000
1457,1408,2000
1457,1408,2000
1456,1407,2000
1455,1406,2000
1454,1405,2000
1453,1404,2000
1452,1403,2000
1451,1403,2000
1450,1402,2000
1449,1401,2000
1448,1400,2000
1447,1399,2000
1446,1398,2000
1445,1398,2000
1444,1397,2000
1443,1396,2000
1442,1395,2000
1441,1395,2000
1440,1395,2000
1440,1395,2000
1439,1394,2000
1438,1394,2000
1437,1394,2000
1436,1394,2000
1436,1394,2000
1435,1394,2000
1434,1393,2000
1433,1393,2000
1433,1393,2000
1432,1393,2000
1431,1393,2000
1430,1393,2000
1429,1392,2000
1429,1392,2000
1428,1392,2000
1427,1392,2000
1426,1392,2000
1426,1392,2000
1425,1391,2000
1424,1391,2000
1423,1391,2000
1422,1391,2000
1422,1391,2000
1421,1391,2000
1420,1390,2000
1419,1390,2000
1419,1390,2000
1418,1390,2000
1417,1390,2000
1416,1390,2000
1415,1390,2000
1415,1389,2000
1414,1389,2000
1413,1389,2000
1412,1389,2000
1411,1389,2000
1411,1389,2000
1411,1389,2000
1411,1389,2000
1411,1389,2000
1411,1389,2000
1411,1389,2000
1411,1389,2000
1411,1389,2000
1411,1389,2000
1411,1389,2000
1411,1389,2000
1411,1389,2000
1411,1389,2000
1411,1389,2000
1411,1389,2000
1411,1389,2000
1411,1389,2000
1411,1389,2000
1411,1389,2000
1411,1389,2000
1411,1389,2000
1411,1389,2000
1411,1389,2000
1411,1389,2000
1411,1389,2000
1411,1389,2000
1411,1389,2000
1411,1389,2000
1411,1389,2000
1411,1389,2000
1411,1389,2000
1411,1389,2000
1411,1389,2000
1411,1389,2000
1411,1389,2000
1411,1389,2000
1411,1389,2000
1411,1389,2000
1411,1389,2000
1411,1389,2000
1411,1389,1000
1413,1388,1000
1415,1387,1000
1417,1387,1000
1419,1386,1000
1422,1386,1000
1424,1385,1000
1426,1384,1000
1428,1384,1000
1430,1383,1000
1432,1383,1000
1435,1382,1000
1437,1382,1000
1439,1381,1000
1441,1381,1000
1443,1380,1000
1445,1380,1000
1447,1379,1000
1450,1379,1000
1452,1378,1000
1454,1378,1000
1456,1378,1000
1458,1377,1000
1460,1377,1000
1462,1377,1000
1464,1376,1000
1466,1376,1000
1468,1376,1000
1471,1375,1000
1473,1375,1000
1475,1375,1000
1477,1374,1000
1479,1374,1000
1481,1374,1000
1483,1374,1000
1485,1373,1000
1487,1373,1000
1489,1373,1000
1491,1373,1000
1493,1373,1000
1495,1373,1000
1496,1372,1000
1497,1371,1000
1498,1371,1000
1498,1370,1000
1499,1369,1000
1500,1369,1000
1500,1368,1000
1501,1368,1000
1502,1367,1000
1503,1366,1000
1503,1366,1000
1504,1365,1000
1505,1365,1000
1506,1364,1000
1506,1363,1000
1507,1363,1000
1508,1362,1000
1508,1362,1000
1509,1361,1000
1510,1361,1000
1510,1360,1000
1511,1360,1000
1512,1359,1000
1513,1358,1000
1513,1358,1000
1514,1357,1000
1515,1357,1000
1515,1356,1000
1516,1356,1000
1517,1355,1000
1517,1355,1000
1518,1354,1000
1519,1354,1000
1519,1353,1000
1520,1353,1000
1521,1352,1000
1521,1352,1000
1522,1351,1000
1522,1351,1000
1522,1351,1000
1522,1351,1000
1522,1351,1000
1522,1351,1000
1522,1351,1000
