1113,1780,1000
1113,1780,1000
1113,1780,1000
1113,1780,1000
1113,1780,1000
1289,1893,1000
1129,1668,1000
1129,1668,1000
1129,1668,1000
1129,1668,1000
1136,1662,1000
1298,1870,1000
1298,1870,1000
1301,1864,1000
1143,1656,1000
1143,1656,1000
1143,1656,1000
1143,1656,1000
1150,1651,1000
1310,1848,1000
1310,1848,1000
1313,1843,1000
1157,1645,1000
1157,1645,1000
1157,1645,1000
1157,1645,1000
1163,1640,1000
1321,1830,1000
1321,1830,1000
1324,1826,1000
1169,1635,1000
1169,1635,1000
1169,1635,1000
1169,1635,1000
1174,1629,1000
1332,1815,1000
1332,1815,1000
1334,1812,1000
1180,1625,1000
1180,1625,1000
1180,1625,1000
1180,1625,1000
1185,1620,1000
1342,1802,1000
1342,1802,1000
1344,1799,1000
1191,1615,1000
1196,1495,1000
1352,1495,1000
1352,1493,1000
1354,1610,1000
1201,1790,1000
1205,1790,1000
1361,1787,1000
1361,1606,1000
1363,1485,1000
1210,1485,1000
1215,1483,1000
1370,1601,1000
1370,1779,1000
1372,1779,1000
1219,1776,1000
1223,1597,1000
1379,1476,1000
1379,1476,1000
1381,1473,1000
1228,1593,1000
1003,1769,1000
1003,1769,1000
1006,1766,1000
1232,1589,1000
1387,1467,1000
1387,1467,1000
1389,1464,1000
1236,1584,1000
1016,1759,1000
1016,1759,1000
1019,1757,1000
1240,1580,1000
1396,1458,1000
1396,1458,1000
1398,1455,1000
1244,1576,1000
1028,1750,1000
1028,1750,1000
1031,1748,1000
1248,1573,1000
1404,1449,1000
1507,1449,1000
1406,1447,1000
1252,1569,1000
1039,1741,1000
1039,1741,1000
1042,1739,1000
1255,1565,1000
1412,1440,1000
1516,1440,1000
1413,1438,1000
1259,1561,1000
1049,1733,1000
1049,1731,1000
1051,1557,1000
1262,1432,1000
1419,1432,1000
1525,1430,1000
1421,1554,1000
1266,1725,1000
1058,1996,1000
1058,1724,1000
1061,1550,1000
1270,1424,1000
1427,1424,1000
1534,1422,1000
1429,1547,1000
1273,1718,1000
1067,1975,1000
1067,1716,1000
1069,1543,1000
1276,1416,1000
1434,1416,1000
1543,1414,1000
1436,1540,1000
1280,1711,1000
1075,1959,1000
1075,1709,1000
1077,1536,1000
1283,1408,1000
1441,1408,1000
1551,1406,1000
1443,1533,1000
1286,1704,1000
1083,1945,1000
1083,1702,1000
1085,1530,1000
1289,1400,1000
1448,1400,1000
1560,1398,1000
1450,1526,1000
1293,1698,1000
1091,1933,1000
1091,1696,1000
1092,1523,1000
1296,1393,1000
1455,1393,1000
1568,1391,1000
1457,1520,1000
1299,1691,1000
1098,1922,1000
1098,1690,1000
1099,1517,1000
1302,1385,1000
1462,1385,1000
1576,1383,1000
1464,1513,1000
1305,1685,1000
1104,1912,1000
1104,1684,1000
1029,1510,1000
1112,1378,1000
1186,1378,1000
1187,1376,1000
1187,1507,1000
1188,1679,1000
1189,1903,1000
1315,1678,1000
1423,1504,1000
1514,1371,1000
1584,1371,1000
1516,1311,1000
1426,1339,1000
1319,1373,1000
1196,1414,1000
1192,1415,2000
1189,1415,2000
1185,1416,2000
1182,1416,2000
1110,1508,1000
1030,1617,1000
1030,1743,1000
1109,1895,1000
1181,1743,1000
1186,1617,1000
1192,1508,1000
1197,1415,1000
1202,1413,2000
1325,1411,2000
1432,1409,2000
1522,1406,2000
1592,1366,1000
1524,1331,1000
1435,1303,1000
1329,1303,1000
1208,1302,1000
1201,1329,1000
1194,1362,1000
1187,1401,1000
1180,1404,2000
1110,1407,2000
1033,1411,2000
1032,1414,2000
1110,1506,1000
1180,1615,1000
1188,1739,1000
1196,1887,1000
1203,1739,1000
1211,1615,1000
1333,1506,1000
1440,1413,1000
1530,1409,2000
1599,1404,2000
1531,1400,2000
1443,1396,2000
1337,1356,1000
1217,1322,1000
1216,1295,1000
1214,1274,1000
1212,1294,1000
1210,1320,1000
1207,1352,1000
1204,1390,1000
1200,1395,2000
1197,1400,2000
1192,1405,2000
1188,1410,2000
1183,1503,1000
1179,1611,1000
1111,1734,1000
1035,1880,1000
1033,1734,1000
1107,1611,1000
1175,1503,1000
1179,1409,1000
1184,1408,2000
1188,1407,2000
1192,1406,2000
1198,1404,2000
1203,1402,1000
1208,1400,1000
1213,1398,1000
1216,1396,1000
1218,1393,2000
1221,1390,2000
1223,1387,2000
1343,1385,2000
1448,1347,1000
1538,1314,1000
1607,1287,1000
1539,1266,1000
1451,1285,1000
1347,1310,1000
1229,1341,1000
1227,1377,1000
1224,1380,2000
1222,1383,2000
1219,1385,2000
1211,1388,2000
1204,1391,1000
1196,1395,1000
1188,1398,1000
1184,1401,1000
1181,1403,2000
1177,1405,2000
1174,1406,2000
1108,1408,2000
1036,1501,1000
1035,1609,1000
1107,1731,1000
1173,1873,1000
1177,1731,1000
1180,1609,1000
1184,1501,1000
1187,1407,1000
1197,1406,2000
1206,1404,2000
1216,1402,2000
1225,1400,2000
1228,1395,1000
1230,1390,1000
1233,1385,1000
1235,1380,1000
1353,1378,2000
1457,1376,2000
1545,1374,2000
1614,1372,2000
1547,1335,1000
1460,1304,1000
1357,1278,1000
1241,1258,1000
1238,1277,1000
1235,1301,1000
1231,1332,1000
1228,1366,1000
1218,1369,2000
1207,1371,2000
1197,1373,2000
1186,1375,2000
1183,1381,1000
1179,1387,1000
1176,1393,1000
1172,1400,1000
1108,1401,2000
1038,1403,2000
1035,1405,2000
1104,1406,2000
1167,1500,1000
1172,1607,1000
1176,1727,1000
1181,1867,1000
1185,1727,1000
1198,1607,1000
1210,1500,1000
1222,1406,1000
1234,1403,2000
1237,1401,2000
1241,1399,2000
1244,1396,2000
1247,1390,1000
1363,1383,1000
1466,1376,1000
1553,1370,1000
1622,1368,2000
1555,1365,2000
1468,1363,2000
1367,1361,2000
1253,1326,1000
1250,1295,1000
1246,1270,1000
1243,1250,1000
1240,1268,1000
1226,1292,1000
1212,1321,1000
1198,1354,1000
1184,1356,2000
1180,1359,2000
1175,1362,2000
1171,1364,2000
1166,1372,1000
1104,1380,1000
1037,1388,1000
1037,1396,1000
1104,1398,2000
1165,1400,2000
1169,1403,2000
1172,1405,2000
1176,1498,1000
1180,1605,1000
1196,1724,1000
1213,1861,1000
1229,1724,1000
1246,1605,1000
1249,1498,1000
1252,1405,1000
1256,1402,2000
1259,1400,2000
1373,1397,2000
1474,1395,2000
1561,1386,1000
1629,1377,1000
1562,1368,1000
1476,1359,1000
1375,1356,2000
1261,1354,2000
1259,1351,2000
1256,1348,2000
1254,1315,1000
1251,1286,1000
1234,1261,1000
1216,1242,1000
1197,1260,1000
1179,1283,1000
1175,1311,1000
1171,1343,1000
1168,1345,2000
1164,1347,2000
1104,1349,2000
1039,1352,2000
1036,1362,1000
1100,1372,1000
1159,1383,1000
1163,1394,1000
1167,1397,2000
1170,1399,2000
1174,1402,2000
1195,1404,2000
1216,1497,1000
1237,1603,1000
1257,1721,1000
1260,1855,1000
1262,1720,1000
1265,1602,1000
1267,1495,1000
1380,1401,1000
1481,1399,2000
1568,1397,2000
1637,1396,2000
1569,1394,2000
1484,1381,1000
1384,1369,1000
1273,1358,1000
1271,1346,1000
1269,1344,2000
1268,1342,2000
1266,1340,2000
1243,1338,2000
1220,1305,1000
1197,1277,1000
1173,1253,1000
1169,1234,1000
1165,1252,1000
1162,1274,1000
1158,1300,1000
1100,1331,1000
1038,1333,2000
1038,1335,2000
1099,1337,2000
1157,1339,2000
1160,1352,1000
1164,1365,1000
1168,1379,1000
1171,1393,1000
1197,1395,2000
1223,1397,2000
1247,1399,2000
1272,1401,2000
1273,1494,1000
1275,1600,1000
1277,1717,1000
1278,1849,1000
1390,1717,1000
1490,1600,1000
1576,1494,1000
1644,1400,1000
1584,1399,2000
1509,1398,2000
1423,1396,2000
1326,1395,2000
1325,1379,1000
1323,1363,1000
1322,1348,1000
1320,1334,1000
1311,1331,2000
1302,1329,2000
1293,1327,2000
1284,1325,2000
1282,1295,1000
1281,1268,1000
1279,1245,1000
1277,1226,1000
1251,1244,1000
1223,1265,1000
1195,1291,1000
1166,1320,1000
1164,1322,2000
1161,1324,2000
1158,1326,2000
1155,1328,2000
1099,1344,1000
1040,1360,1000
1039,1377,1000
1098,1395,1000
1154,1396,2000
1157,1397,2000
1160,1399,2000
1162,1400,2000
1165,1493,1000
1195,1598,1000
1224,1714,1000
1252,1844,1000
1280,1726,1000
1282,1620,1000
1285,1522,1000
1287,1433,1000
1290,1432,2000
1298,1431,2000
1306,1429,2000
1314,1428,2000
1322,1421,1000
1325,1414,1000
1327,1406,1000
1330,1399,1000
1332,1398,2000
1428,1397,2000
1515,1396,2000
1590,1394,2000
1651,1375,1000
1591,1356,1000
1516,1338,1000
1430,1321,1000
1334,1319,2000
1331,1318,2000
1328,1316,2000
1325,1315,2000
1321,1285,1000
1315,1259,1000
1308,1237,1000
1302,1219,1000
1295,1236,1000
1293,1257,1000
1290,1281,1000
1288,1310,1000
1285,1311,2000
1256,1313,2000
1226,1314,2000
1195,1316,2000
1164,1333,1000
1160,1352,1000
1156,1371,1000
1153,1392,1000
1149,1394,2000
1095,1395,2000
1039,1397,2000
1040,1399,2000
1097,1406,1000
1151,1412,1000
1155,1419,1000
1159,1425,1000
1162,1427,2000
1166,1429,2000
1198,1431,2000
1230,1433,2000
1261,1521,1000
1291,1618,1000
1293,1723,1000
1296,1839,1000
1298,1722,1000
1301,1617,1000
1307,1520,1000
1312,1431,1000
1318,1428,2000
1324,1425,2000
1326,1423,2000
1329,1420,2000
1331,1415,1000
1333,1409,1000
1431,1404,1000
1519,1399,1000
1596,1397,2000
1658,1395,2000
1597,1393,2000
1521,1391,2000
1433,1370,1000
1336,1349,1000
1332,1329,1000
1329,1310,1000
1326,1308,2000
1323,1306,2000
1319,1304,2000
1315,1302,2000
1310,1274,1000
1306,1250,1000
1304,1229,1000
1301,1211,1000
1299,1228,1000
1296,1248,1000
1265,1272,1000
1234,1299,1000
1201,1301,2000
1168,1303,2000
1165,1305,2000
1163,1307,2000
1160,1327,1000
1157,1347,1000
1103,1369,1000
1046,1391,1000
1047,1393,2000
1105,1395,2000
1159,1397,2000
1163,1399,2000
1167,1403,1000
1170,1408,1000
1174,1413,1000
1206,1417,1000
1238,1419,2000
1268,1421,2000
1299,1423,2000
1301,1425,2000
1304,1514,1000
1306,1612,1000
1309,1718,1000
1312,1834,1000
1315,1717,1000
1318,1611,1000
1322,1513,1000
1325,1423,1000
1328,1420,2000
1331,1417,2000
1335,1415,2000
1434,1412,2000
1524,1409,1000
1602,1405,1000
1665,1402,1000
1602,1399,1000
1524,1397,2000
1434,1395,2000
1334,1393,2000
1330,1391,2000
1327,1368,1000
1324,1345,1000
1321,1324,1000
1319,1304,1000
1317,1303,2000
1316,1301,2000
1314,1300,2000
1312,1298,2000
1309,1269,1000
1307,1244,1000
1304,1222,1000
1273,1204,1000
1241,1221,1000
1209,1242,1000
1176,1267,1000
1173,1295,1000
1171,1297,2000
1168,1299,2000
1165,1301,2000
1110,1303,2000
1052,1323,1000
1056,1344,1000
1115,1365,1000
1171,1388,1000
1173,1390,2000
1174,1392,2000
1176,1394,2000
1178,1396,2000
1212,1399,1000
1245,1401,1000
1278,1404,1000
1310,1407,1000
1316,1409,2000
1323,1412,2000
1329,1415,2000
1336,1417,2000
1437,1507,1000
1528,1606,1000
1608,1713,1000
1672,1829,1000
1611,1711,1000
1536,1603,1000
1450,1503,1000
1354,1412,1000
1345,1409,2000
1335,1407,2000
1325,1404,2000
1315,1401,2000
1283,1400,1000
1251,1399,1000
1218,1397,1000
1184,1396,1000
1181,1394,2000
1178,1392,2000
1176,1390,2000
1173,1388,2000
1117,1364,1000
1059,1342,1000
1062,1320,1000
1122,1300,1000
1178,1298,2000
1181,1297,2000
1184,1295,2000
1187,1294,2000
1189,1264,1000
1222,1237,1000
1255,1215,1000
1286,1196,1000
1317,1214,1000
1330,1237,1000
1343,1263,1000
1356,1293,1000
1369,1294,2000
1462,1295,2000
1546,1296,2000
1619,1297,2000
1679,1318,1000
1621,1340,1000
1551,1364,1000
1470,1388,1000
1381,1393,2000
1372,1399,2000
1363,1404,2000
1355,1409,2000
1346,1501,1000
1343,1600,1000
1341,1708,1000
1338,1825,1000
1336,1712,1000
1332,1607,1000
1328,1510,1000
1323,1421,1000
1319,1412,2000
1288,1404,2000
1257,1396,2000
1224,1388,2000
1191,1363,1000
1189,1340,1000
1186,1317,1000
1183,1296,1000
1180,1294,2000
1124,1293,2000
1065,1291,2000
1002,1290,2000
1003,1259,1000
1067,1231,1000
1126,1208,1000
1182,1189,1000
1186,1208,1000
1190,1231,1000
1193,1258,1000
1197,1289,1000
1228,1290,2000
1259,1292,2000
1289,1294,2000
1318,1295,2000
1336,1316,1000
1354,1338,1000
1372,1361,1000
1390,1385,1000
1478,1396,2000
1558,1407,2000
1628,1418,2000
1686,1429,2000
1630,1517,1000
1562,1611,1000
1484,1712,1000
1398,1821,1000
1394,1714,1000
1390,1615,1000
1386,1522,1000
1382,1435,1000
1370,1428,2000
1358,1420,2000
1346,1412,2000
1333,1405,2000
1328,1402,1000
1323,1400,1000
1318,1398,1000
1313,1396,1000
1286,1393,2000
1259,1390,2000
1231,1386,2000
1202,1383,2000
1199,1359,1000
1195,1335,1000
1192,1313,1000
1188,1292,1000
1131,1291,2000
1072,1289,2000
1008,1287,2000
1010,1286,2000
1075,1254,1000
1135,1226,1000
1193,1201,1000
1196,1181,1000
1199,1200,1000
1201,1224,1000
1204,1251,1000
1232,1283,1000
1259,1285,2000
1286,1287,2000
1312,1289,2000
1317,1291,2000
1322,1311,1000
1327,1333,1000
1332,1355,1000
1348,1378,1000
1363,1392,2000
1379,1408,2000
1394,1423,2000
1397,1439,2000
1400,1524,1000
1404,1615,1000
1407,1712,1000
1491,1817,1000
1569,1714,1000
1636,1618,1000
1693,1527,1000
1638,1442,1000
1573,1439,2000
1498,1435,2000
1415,1431,2000
1412,1428,2000
1409,1417,1000
1406,1407,1000
1403,1396,1000
1385,1386,1000
1367,1382,2000
1349,1378,2000
1331,1374,2000
1325,1370,2000
1319,1349,1000
1313,1328,1000
1307,1309,1000
1283,1291,1000
1259,1288,2000
1234,1286,2000
1210,1284,2000
1207,1282,2000
1204,1249,1000
1202,1220,1000
1199,1195,1000
1141,1174,1000
1080,1194,1000
1015,1219,1000
1015,1248,1000
1080,1281,1000
1142,1283,2000
1201,1284,2000
1204,1286,2000
1208,1288,2000
1211,1306,1000
1215,1324,1000
1238,1344,1000
1261,1364,1000
1283,1368,2000
1306,1372,2000
1312,1376,2000
1317,1380,2000
1323,1394,1000
1329,1407,1000
1350,1420,1000
1371,1434,1000
1391,1437,2000
1411,1440,2000
1414,1443,2000
1417,1446,2000
1421,1529,1000
1424,1618,1000
1505,1712,1000
1579,1813,1000
1645,1714,1000
1700,1621,1000
1646,1533,1000
1582,1450,1000
1509,1447,2000
1429,1444,2000
1426,1441,2000
1423,1438,2000
1420,1422,1000
1416,1406,1000
1395,1390,1000
1373,1375,1000
1350,1370,2000
1328,1366,2000
1321,1361,2000
1314,1356,2000
1308,1338,1000
1301,1320,1000
1280,1303,1000
1259,1287,1000
1238,1285,2000
1217,1284,2000
1214,1282,2000
1211,1280,2000
1209,1245,1000
1206,1215,1000
1147,1188,1000
1085,1167,1000
1020,1188,1000
1020,1213,1000
1086,1243,1000
1148,1277,1000
1208,1280,2000
1211,1282,2000
1215,1284,2000
1219,1286,2000
1222,1302,1000
1241,1318,1000
1259,1334,1000
1278,1351,1000
1296,1356,2000
1303,1360,2000
1311,1365,2000
1319,1370,2000
1326,1387,1000
1352,1405,1000
1376,1423,1000
1401,1441,1000
1425,1444,2000
1427,1447,2000
1430,1450,2000
1432,1453,2000
1434,1535,1000
1514,1621,1000
1588,1712,1000
1652,1809,1000
1706,1713,1000
1654,1622,1000
1590,1536,1000
1518,1454,1000
1440,1451,2000
1437,1448,2000
1435,1445,2000
1433,1442,2000
1430,1422,1000
1404,1403,1000
1377,1383,1000
1349,1365,1000
1321,1359,2000
1314,1354,2000
1306,1349,2000
1298,1343,2000
1291,1328,1000
1275,1312,1000
1259,1298,1000
1243,1283,1000
1227,1282,2000
1224,1280,2000
1220,1278,2000
1217,1277,2000
1213,1241,1000
1206,1209,1000
1199,1182,1000
1191,1160,1000
1184,1181,1000
1184,1207,1000
1184,1238,1000
1184,1274,1000
1184,1276,2000
1131,1278,2000
1075,1281,2000
1017,1283,2000
1017,1295,1000
1076,1308,1000
1132,1322,1000
1186,1335,1000
1189,1341,2000
1193,1347,2000
1197,1353,2000
1200,1359,2000
1204,1380,1000
1208,1402,1000
1211,1423,1000
1215,1446,1000
1220,1448,2000
1226,1450,2000
1231,1453,2000
1236,1455,2000
1248,1536,1000
1259,1621,1000
1271,1711,1000
1282,1806,1000
1291,1711,1000
1299,1622,1000
1308,1537,1000
1316,1456,1000
1347,1454,2000
1377,1451,2000
1407,1449,2000
1436,1447,2000
1438,1422,1000
1440,1398,1000
1443,1374,1000
1445,1351,1000
1524,1345,2000
1596,1339,2000
1660,1333,2000
1713,1327,2000
1661,1316,1000
1599,1304,1000
1528,1293,1000
1450,1282,1000
1448,1280,2000
1446,1278,2000
1443,1275,2000
1441,1273,2000
1410,1268,1000
1379,1264,1000
1347,1259,1000
1315,1255,1000
1303,1255,2000
1291,1255,2000
1278,1255,2000
1266,1255,2000
1260,1224,1000
1254,1196,1000
1248,1172,1000
1241,1152,1000
1228,1172,1000
1215,1195,1000
1201,1222,1000
1187,1252,1000
1134,1254,2000
1079,1256,2000
1020,1259,2000
1021,1261,2000
1080,1263,1000
1135,1265,1000
1189,1268,1000
1219,1270,1000
1248,1274,2000
1278,1277,2000
1306,1281,2000
1342,1284,2000
1378,1292,1000
1412,1300,1000
1446,1309,1000
1448,1317,1000
1449,1323,2000
1451,1330,2000
1453,1337,2000
1531,1343,2000
1603,1368,1000
1666,1394,1000
1720,1420,1000
1668,1448,1000
1605,1450,2000
1535,1452,2000
1458,1455,2000
1456,1457,2000
1455,1537,1000
1453,1621,1000
1452,1709,1000
1414,1802,1000
1376,1710,1000
1337,1622,1000
1298,1538,1000
1271,1458,1000
1245,1455,2000
1218,1453,2000
1191,1451,2000
1137,1449,2000
1082,1420,1000
1024,1392,1000
1030,1364,1000
1093,1338,1000
1153,1329,2000
1210,1320,2000
1229,1310,2000
1248,1301,2000
1267,1297,1000
1285,1293,1000
1329,1288,1000
1371,1284,1000
1413,1275,2000
1454,1266,2000
1455,1257,2000
1457,1249,2000
1458,1218,1000
1460,1190,1000
1538,1166,1000
1610,1145,1000
1673,1165,1000
1726,1188,1000
1674,1215,1000
1612,1246,1000
1542,1265,2000
1465,1285,2000
1464,1306,2000
1462,1328,2000
1461,1356,1000
1459,1386,1000
1410,1418,1000
1360,1450,1000
1308,1451,2000
1255,1453,2000
1251,1454,2000
1246,1456,2000
1242,1536,1000
1237,1620,1000
1235,1707,1000
1234,1799,1000
1232,1707,1000
1230,1620,1000
1227,1537,1000
1225,1457,1000
1222,1455,2000
1219,1454,2000
1160,1452,2000
1099,1451,2000
1035,1415,1000
1035,1381,1000
1100,1348,1000
1161,1317,1000
1221,1297,2000
1223,1278,2000
1224,1260,2000
1226,1243,2000
1228,1211,1000
1289,1183,1000
1348,1159,1000
1405,1138,1000
1461,1160,1000
1463,1186,1000
1464,1217,1000
1466,1252,1000
1467,1264,2000
1545,1277,2000
1616,1290,2000
1680,1304,2000
1733,1338,1000
1681,1373,1000
1619,1410,1000
1549,1449,1000
1473,1450,2000
1471,1452,2000
1470,1453,2000
1468,1455,2000
1466,1535,1000
1410,1618,1000
1351,1705,1000
1291,1796,1000
1230,1705,1000
1228,1619,1000
1226,1536,1000
1224,1456,1000
1222,1454,2000
1163,1453,2000
1102,1451,2000
1038,1450,2000
1037,1403,1000
1101,1359,1000
1161,1317,1000
1220,1278,1000
1223,1275,2000
1226,1272,2000
1228,1269,2000
1231,1265,2000
1293,1264,1000
1353,1263,1000
1411,1262,1000
1468,1261,1000
1470,1259,2000
1472,1257,2000
1473,1255,2000
1475,1253,2000
1552,1216,1000
1623,1183,1000
1686,1155,1000
1740,1131,1000
1687,1154,1000
1624,1181,1000
1554,1214,1000
1477,1250,1000
1475,1252,2000
1474,1253,2000
1472,1254,2000
1470,1255,2000
1412,1298,1000
1353,1345,1000
1291,1395,1000
1229,1448,1000
1227,1449,2000
1225,1451,2000
1223,1452,2000
1222,1454,2000
1163,1534,1000
1103,1617,1000
1040,1703,1000
1041,1793,1000
1104,1703,1000
1164,1618,1000
1223,1535,1000
1225,1455,1000
1227,1454,2000
1228,1452,2000
1230,1450,2000
1250,1449,2000
1270,1395,1000
1289,1344,1000
1309,1297,1000
1312,1252,1000
1314,1251,2000
1317,1250,2000
1319,1249,2000
1335,1248,2000
1351,1210,1000
1366,1176,1000
1382,1148,1000
1386,1124,1000
1390,1146,1000
1395,1174,1000
1399,1206,1000
1418,1242,1000
1438,1244,2000
1457,1246,2000
1476,1248,2000
1476,1250,2000
1477,1294,1000
1478,1342,1000
1479,1393,1000
1557,1447,1000
1629,1449,2000
1692,1450,2000
1746,1452,2000
1694,1453,2000
1631,1533,1000
1561,1615,1000
1484,1701,1000
1483,1790,1000
1481,1701,1000
1479,1615,1000
1478,1532,1000
1460,1451,1000
1441,1450,2000
1423,1448,2000
1404,1447,2000
1398,1445,2000
1392,1390,1000
1386,1338,1000
1380,1289,1000
1367,1244,1000
1354,1243,2000
1341,1242,2000
1328,1241,2000
1322,1240,2000
1316,1202,1000
1310,1169,1000
1303,1141,1000
1286,1117,1000
1268,1140,1000
1250,1167,1000
1232,1200,1000
1230,1237,1000
1228,1238,2000
1226,1239,2000
1224,1240,2000
1166,1242,2000
1106,1255,1000
1043,1269,1000
1044,1284,1000
1106,1299,1000
1167,1301,2000
1226,1303,2000
1228,1305,2000
1229,1307,2000
1231,1320,1000
1233,1333,1000
1250,1346,1000
1267,1359,1000
1284,1363,2000
1301,1367,2000
1308,1371,2000
1315,1374,2000
1322,1392,1000
1330,1410,1000
1343,1428,1000
1356,1446,1000
1369,1447,2000
1382,1448,2000
1389,1449,2000
1396,1449,2000
1402,1530,1000
1409,1613,1000
1427,1698,1000
1445,1787,1000
1462,1699,1000
1480,1614,1000
1481,1531,1000
1483,1451,1000
1485,1449,2000
1486,1448,2000
1564,1446,2000
1635,1444,2000
1699,1427,1000
1753,1409,1000
1700,1392,1000
1637,1375,1000
1565,1370,2000
1488,1365,2000
1487,1359,2000
1485,1354,2000
1483,1343,1000
1482,1332,1000
1464,1321,1000
1447,1310,1000
1429,1306,2000
1411,1301,2000
1404,1296,2000
1397,1291,2000
1390,1277,1000
1383,1264,1000
1371,1251,1000
1359,1239,1000
1347,1238,2000
1335,1236,2000
1327,1235,2000
1319,1234,2000
1311,1196,1000
1303,1163,1000
1286,1134,1000
1269,1110,1000
1252,1133,1000
1234,1161,1000
1233,1194,1000
1231,1231,1000
1229,1232,2000
1227,1233,2000
1169,1235,2000
1108,1236,2000
1046,1248,1000
1046,1260,1000
1109,1273,1000
1169,1286,1000
1228,1291,2000
1230,1297,2000
1232,1302,2000
1234,1308,2000
1236,1319,1000
1253,1330,1000
1270,1341,1000
1287,1352,1000
1304,1358,2000
1312,1364,2000
1320,1370,2000
1328,1376,2000
1336,1392,1000
1348,1409,1000
1361,1426,1000
1373,1443,1000
1385,1444,2000
1393,1446,2000
1401,1447,2000
1408,1449,2000
1416,1529,1000
1433,1611,1000
1450,1696,1000
1467,1785,1000
1484,1696,1000
1485,1611,1000
1487,1528,1000
1489,1447,1000
1490,1446,2000
1568,1444,2000
1641,1442,2000
1705,1441,2000
1760,1424,1000
1706,1407,1000
1642,1390,1000
1570,1374,1000
1492,1368,2000
1491,1362,2000
1489,1356,2000
1487,1350,2000
1486,1339,1000
1468,1329,1000
1450,1319,1000
1432,1308,1000
1414,1302,2000
1408,1296,2000
1401,1289,2000
1394,1283,2000
1387,1270,1000
1374,1258,1000
1362,1245,1000
1350,1233,1000
1338,1232,2000
1330,1231,2000
1322,1229,2000
1314,1228,2000
1306,1190,1000
1289,1156,1000
1271,1127,1000
1254,1103,1000
1237,1126,1000
1235,1155,1000
1233,1188,1000
1232,1225,1000
1230,1227,2000
1171,1228,2000
1111,1229,2000
1049,1230,2000
1049,1242,1000
1112,1255,1000
1172,1268,1000
1231,1281,1000
1233,1287,2000
1235,1293,2000
1236,1300,2000
1238,1306,2000
1256,1316,1000
1273,1327,1000
1290,1337,1000
1307,1347,1000
1314,1354,2000
1321,1361,2000
1328,1368,2000
1335,1375,2000
1349,1391,1000
1362,1407,1000
1375,1423,1000
1388,1439,1000
1395,1440,2000
1402,1442,2000
1409,1444,2000
1416,1445,2000
1434,1526,1000
1452,1609,1000
1470,1694,1000
1488,1782,1000
1489,1694,1000
1491,1608,1000
1493,1525,1000
1494,1444,1000
1573,1442,2000
1646,1440,2000
1711,1439,2000
1766,1437,2000
1712,1420,1000
1647,1403,1000
1575,1386,1000
1496,1370,1000
1494,1364,2000
1493,1358,2000
1491,1351,2000
1489,1345,2000
1472,1335,1000
1454,1324,1000
1436,1314,1000
1418,1304,1000
1411,1297,2000
1404,1291,2000
1397,1284,2000
1390,1278,2000
1377,1265,1000
1363,1252,1000
1350,1240,1000
1337,1228,1000
1330,1226,2000
1323,1225,2000
1315,1224,2000
1308,1223,2000
1291,1184,1000
1274,1150,1000
1257,1120,1000
1240,1096,1000
1238,1120,1000
1236,1148,1000
1234,1182,1000
1232,1220,1000
1173,1221,2000
1113,1222,2000
1051,1224,2000
1052,1225,2000
1114,1237,1000
1174,1250,1000
1233,1262,1000
1235,1276,1000
1237,1281,2000
1239,1287,2000
1241,1293,2000
1259,1298,2000
1277,1309,1000
1295,1320,1000
1313,1332,1000
1319,1343,1000
1324,1349,2000
1329,1355,2000
1335,1362,2000
1350,1368,2000
1365,1384,1000
1380,1401,1000
1395,1418,1000
1400,1435,1000
1405,1437,2000
1411,1438,2000
1416,1440,2000
1435,1442,2000
1454,1523,1000
1473,1606,1000
1491,1692,1000
1492,1780,1000
1493,1691,1000
1494,1605,1000
1495,1522,1000
1575,1440,1000
1650,1438,2000
1716,1437,2000
1773,1435,2000
1717,1433,2000
1651,1416,1000
1577,1399,1000
1497,1382,1000
1495,1366,1000
1493,1359,2000
1492,1353,2000
1490,1347,2000
1470,1341,2000
1451,1329,1000
1431,1318,1000
1411,1307,1000
1408,1296,1000
1405,1290,2000
1403,1284,2000
1400,1279,2000
1383,1273,2000
1366,1260,1000
1349,1247,1000
1333,1234,1000
1330,1222,1000
1327,1221,2000
1324,1220,2000
1322,1218,2000
1302,1217,2000
1282,1178,1000
1262,1144,1000
1242,1114,1000
1240,1089,1000
1238,1113,1000
1237,1142,1000
1235,1176,1000
1176,1214,1000
1116,1215,2000
1054,1217,2000
1045,1218,2000
1099,1219,2000
1151,1232,1000
1203,1246,1000
1203,1259,1000
1203,1273,1000
1203,1278,2000
1203,1282,2000
1211,1286,2000
1219,1291,2000
1228,1303,1000
1236,1316,1000
1239,1329,1000
1241,1342,1000
1244,1346,2000
1247,1351,2000
1310,1356,2000
1371,1361,2000
1432,1378,1000
1492,1396,1000
1493,1414,1000
1495,1432,1000
1497,1432,2000
1499,1433,2000
1505,1434,2000
1512,1435,2000
1519,1517,1000
1525,1602,1000
1525,1688,1000
1525,1777,1000
1525,1688,1000
1525,1601,1000
1599,1516,1000
1666,1433,1000
1727,1432,2000
1779,1430,2000
1728,1428,2000
1668,1427,2000
1600,1408,1000
1527,1389,1000
1527,1370,1000
1527,1352,1000
1527,1350,2000
1527,1347,2000
1520,1345,2000
1512,1343,2000
1505,1328,1000
1497,1314,1000
1496,1299,1000
1495,1285,1000
1494,1283,2000
1494,1281,2000
1434,1279,2000
1373,1277,2000
1311,1261,1000
1248,1246,1000
1246,1231,1000
1244,1217,1000
1242,1215,2000
1241,1214,2000
1231,1213,2000
1222,1211,2000
1213,1172,1000
1204,1137,1000
1204,1107,1000
1204,1082,1000
1204,1103,1000
1204,1127,1000
1153,1155,1000
1101,1186,1000
1047,1186,2000
1047,1186,2000
1101,1186,2000
1153,1186,2000
1205,1192,1000
1205,1197,1000
1205,1203,1000
1205,1209,1000
1205,1211,2000
1214,1212,2000
1223,1214,2000
1233,1216,2000
1242,1263,1000
1245,1314,1000
1247,1368,1000
1250,1425,1000
1253,1426,2000
1314,1428,2000
1374,1430,2000
1434,1431,2000
1492,1438,1000
1494,1445,1000
1495,1452,1000
1497,1458,1000
1499,1458,2000
1507,1458,2000
1514,1458,2000
1522,1458,2000
1529,1535,1000
1530,1613,1000
1531,1693,1000
1532,1775,1000
1533,1693,1000
1606,1613,1000
1673,1534,1000
1734,1457,1000
1786,1457,2000
1735,1457,2000
1675,1457,2000
1607,1457,2000
1535,1449,1000
1534,1442,1000
1533,1434,1000
1532,1426,1000
1531,1426,2000
1523,1425,2000
1514,1424,2000
1506,1423,2000
1497,1366,1000
1495,1312,1000
1494,1261,1000
1492,1214,1000
1490,1212,2000
1433,1211,2000
1374,1210,2000
1314,1208,2000
1254,1202,1000
1252,1196,1000
1250,1190,1000
1248,1183,1000
1247,1183,2000
1236,1183,2000
1226,1183,2000
1216,1183,2000
1206,1151,1000
1205,1122,1000
1204,1097,1000
1203,1075,1000
1202,1096,1000
1152,1120,1000
1101,1149,1000
1048,1181,1000
1049,1181,2000
1101,1181,2000
1153,1181,2000
1203,1181,2000
1204,1187,1000
1205,1193,1000
1206,1199,1000
1207,1206,1000
1217,1208,2000
1227,1210,2000
1238,1212,2000
1248,1214,2000
1250,1260,1000
1253,1310,1000
1256,1363,1000
1259,1418,1000
1318,1420,2000
1377,1421,2000
1435,1423,2000
1492,1425,2000
1494,1432,1000
1496,1440,1000
1497,1448,1000
1499,1455,1000
1508,1456,2000
1516,1457,2000
1525,1458,2000
1533,1459,2000
1534,1535,1000
1535,1613,1000
1536,1692,1000
1537,1773,1000
1610,1692,1000
1679,1612,1000
1740,1534,1000
1792,1457,1000
1741,1456,2000
1681,1455,2000
1614,1454,2000
1542,1454,2000
1540,1445,1000
1539,1437,1000
1537,1428,1000
1535,1420,1000
1526,1418,2000
1516,1416,2000
1507,1415,2000
1497,1413,2000
1496,1358,1000
1494,1306,1000
1492,1257,1000
1490,1211,1000
1473,1210,2000
1455,1208,2000
1437,1207,2000
1420,1206,2000
1419,1198,1000
1418,1191,1000
1417,1184,1000
1416,1178,1000
1397,1177,2000
1378,1176,2000
1359,1176,2000
1340,1175,2000
1338,1143,1000
1337,1115,1000
1335,1090,1000
1333,1068,1000
1316,1089,1000
1298,1113,1000
1281,1141,1000
1263,1172,1000
1261,1173,2000
1258,1174,2000
1255,1174,2000
1252,1175,2000
1241,1182,1000
1230,1189,1000
1219,1196,1000
1208,1203,1000
1207,1205,2000
1206,1207,2000
1205,1209,2000
1204,1211,2000
1154,1256,1000
1103,1306,1000
1050,1357,1000
1050,1411,1000
1101,1413,2000
1152,1415,2000
1202,1416,2000
1203,1418,2000
1205,1426,1000
1207,1435,1000
1209,1443,1000
1221,1452,1000
1233,1453,2000
1245,1454,2000
1257,1455,2000
1260,1455,2000
1263,1532,1000
1265,1611,1000
1268,1690,1000
1285,1771,1000
1301,1691,1000
1318,1612,1000
1334,1534,1000
1337,1457,1000
1340,1456,2000
1342,1454,2000
1345,1452,2000
1362,1450,2000
1378,1441,1000
1394,1432,1000
1410,1422,1000
1413,1413,1000
1416,1411,2000
1418,1410,2000
1421,1408,2000
1438,1406,2000
1455,1389,1000
1472,1373,1000
1489,1356,1000
1490,1340,1000
1492,1339,2000
1494,1338,2000
1496,1338,2000
1506,1337,2000
1516,1320,1000
1527,1303,1000
1537,1287,1000
1539,1271,1000
1541,1270,2000
1542,1268,2000
1544,1267,2000
1617,1265,2000
1685,1251,1000
1746,1237,1000
1799,1224,1000
1748,1211,1000
1690,1209,2000
1624,1207,2000
1553,1205,2000
1549,1203,2000
1546,1195,1000
1542,1187,1000
1539,1179,1000
1528,1172,1000
1517,1171,2000
1505,1171,2000
1494,1170,2000
1492,1169,2000
1490,1137,1000
1489,1108,1000
1487,1083,1000
1471,1061,1000
1455,1082,1000
1439,1106,1000
1423,1133,1000
1419,1164,1000
1415,1165,2000
1412,1166,2000
1408,1168,2000
1395,1169,2000
1381,1177,1000
1367,1186,1000
1354,1194,1000
1350,1203,1000
1346,1205,2000
1343,1207,2000
1339,1209,2000
1323,1211,2000
1306,1223,1000
1290,1236,1000
1273,1249,1000
1270,1263,1000
1267,1265,2000
1265,1267,2000
1262,1270,2000
1249,1272,2000
1236,1286,1000
1223,1300,1000
1210,1314,1000
1207,1328,1000
1204,1331,2000
1202,1333,2000
1199,1336,2000
1150,1338,2000
1101,1353,1000
1050,1369,1000
1046,1385,1000
1092,1401,1000
1137,1403,2000
1181,1404,2000
1189,1406,2000
1198,1408,2000
1206,1418,1000
1215,1428,1000
1228,1439,1000
1241,1449,1000
1254,1451,2000
1267,1452,2000
1269,1454,2000
1272,1456,2000
1275,1532,1000
1278,1610,1000
1294,1689,1000
1311,1769,1000
1327,1691,1000
1344,1613,1000
1348,1537,1000
1353,1461,1000
1358,1458,2000
1362,1454,2000
1371,1451,2000
1380,1447,2000
1390,1436,1000
1399,1425,1000
1403,1414,1000
1408,1403,1000
1412,1401,2000
1417,1399,2000
1433,1398,2000
1449,1396,2000
1465,1381,1000
1481,1366,1000
1484,1351,1000
1487,1336,1000
1489,1333,2000
1492,1329,2000
1503,1326,2000
1515,1323,2000
1526,1311,1000
1537,1299,1000
1545,1287,1000
1553,1276,1000
1561,1273,2000
1568,1269,2000
1636,1266,2000
1699,1263,2000
1756,1250,1000
1805,1237,1000
1758,1224,1000
1704,1211,1000
1643,1209,2000
1577,1207,2000
1567,1205,2000
1557,1203,2000
1546,1193,1000
1536,1184,1000
1524,1175,1000
1513,1166,1000
1502,1164,2000
1490,1162,2000
1487,1161,2000
1485,1159,2000
1482,1128,1000
1479,1100,1000
1463,1075,1000
1447,1054,1000
1431,1072,1000
1414,1093,1000
1398,1117,1000
1382,1144,1000
1365,1149,2000
1349,1155,2000
1332,1160,2000
1316,1166,2000
1299,1175,1000
1282,1184,1000
1280,1193,1000
1277,1203,1000
1274,1205,2000
1271,1207,2000
1258,1209,2000
1245,1211,2000
1232,1224,1000
1219,1237,1000
1208,1250,1000
1197,1264,1000
1186,1268,2000
1174,1272,2000
1132,1276,2000
1089,1280,2000
1045,1287,1000
1047,1295,1000
1093,1303,1000
1138,1311,1000
1183,1315,2000
1186,1319,2000
1190,1323,2000
1194,1327,2000
1198,1342,1000
1201,1357,1000
1203,1372,1000
1206,1387,1000
1209,1390,2000
1213,1393,2000
1216,1395,2000
1220,1398,2000
1224,1409,1000
1237,1420,1000
1250,1431,1000
1263,1442,1000
1276,1450,2000
1279,1458,2000
1281,1466,2000
1284,1474,2000
1287,1546,1000
1305,1619,1000
1322,1693,1000
1340,1768,1000
1357,1694,1000
1370,1622,1000
1383,1550,1000
1396,1480,1000
1409,1469,2000
1426,1458,2000
1443,1448,2000
1460,1437,2000
1477,1426,1000
1480,1415,1000
1483,1404,1000
1485,1393,1000
1488,1390,2000
1500,1387,2000
1511,1385,2000
1523,1382,2000
1534,1367,1000
1538,1352,1000
1541,1337,1000
1545,1322,1000
1548,1308,2000
1551,1293,2000
1553,1279,2000
1556,1265,2000
1558,1251,1000
1562,1238,1000
1565,1224,1000
1569,1211,1000
1572,1209,2000
1641,1207,2000
1705,1205,2000
1762,1203,2000
1812,1193,1000
1758,1184,1000
1694,1175,1000
1623,1165,1000
1546,1158,2000
1543,1150,2000
1539,1143,2000
1536,1136,2000
1532,1110,1000
1522,1087,1000
1511,1066,1000
1500,1048,1000
1490,1066,1000
1486,1087,1000
1483,1111,1000
1479,1138,1000
1475,1140,2000
1456,1143,2000
1437,1145,2000
1418,1147,2000
1399,1149,1000
1391,1151,1000
1384,1153,1000
1377,1155,1000
1369,1157,2000
1350,1160,2000
1331,1163,2000
1311,1165,2000
1292,1174,1000
1288,1184,1000
1284,1193,1000
1281,1203,1000
1277,1205,2000
1265,1207,2000
1253,1210,2000
1241,1212,2000
1228,1226,1000
1225,1240,1000
1221,1254,1000
1217,1269,1000
1214,1280,2000
1162,1291,2000
1110,1302,2000
1057,1314,2000
1002,1329,1000
1058,1345,1000
1112,1361,1000
1166,1377,1000
1218,1380,2000
1222,1382,2000
1226,1385,2000
1229,1387,2000
1233,1399,1000
1242,1410,1000
1252,1421,1000
1261,1433,1000
1270,1436,2000
1275,1440,2000
1280,1443,2000
1284,1447,2000
1289,1449,1000
1336,1452,1000
1383,1454,1000
1430,1457,1000
1477,1461,2000
1482,1464,2000
1488,1468,2000
1493,1471,2000
1498,1544,1000
1507,1617,1000
1515,1691,1000
1523,1766,1000
1531,1684,1000
1534,1602,1000
1538,1521,1000
1541,1442,1000
1545,1438,2000
1623,1435,2000
1697,1431,2000
1762,1428,2000
1818,1417,1000
1762,1407,1000
1696,1396,1000
1623,1386,1000
1543,1382,2000
1540,1379,2000
1536,1375,2000
1532,1372,2000
1529,1354,1000
1523,1336,1000
1518,1319,1000
1513,1302,1000
1507,1295,2000
1502,1289,2000
1496,1282,2000
1491,1276,2000
1486,1260,1000
1435,1243,1000
1385,1228,1000
1334,1212,1000
1282,1209,2000
1278,1206,2000
1273,1203,2000
1268,1201,2000
1264,1191,1000
1257,1182,1000
1251,1174,1000
1244,1165,1000
1238,1162,2000
1234,1160,2000
1230,1157,2000
1226,1155,2000
1223,1120,1000
1169,1090,1000
1115,1063,1000
1060,1041,1000
1004,1063,1000
1062,1089,1000
1118,1120,1000
1173,1154,1000
1227,1157,2000
1231,1160,2000
1235,1162,2000
1238,1165,2000
1242,1172,1000
1247,1178,1000
1252,1185,1000
1256,1192,1000
1261,1196,2000
1265,1199,2000
1268,1203,2000
1272,1207,2000
1276,1245,1000
1332,1285,1000
1388,1327,1000
1443,1370,1000
1498,1376,2000
1503,1381,2000
1507,1386,2000
1512,1391,2000
1516,1399,1000
1519,1407,1000
1522,1415,1000
1524,1423,1000
1527,1426,2000
1531,1430,2000
1534,1433,2000
1538,1437,2000
1541,1517,1000
1623,1599,1000
1699,1681,1000
1767,1764,1000
1825,1680,1000
1767,1597,1000
1698,1514,1000
1622,1432,1000
1539,1428,2000
1531,1425,2000
1523,1421,2000
1515,1418,2000
1507,1412,1000
1448,1407,1000
1389,1402,1000
1329,1396,1000
1269,1391,2000
1265,1386,2000
1262,1381,2000
1258,1376,2000
1254,1328,1000
1252,1283,1000
1251,1239,1000
1249,1198,1000
1247,1195,2000
1243,1191,2000
1239,1188,2000
1236,1184,2000
1232,1179,1000
1176,1174,1000
1121,1169,1000
1064,1165,1000
1006,1162,2000
1065,1159,2000
1123,1157,2000
1180,1154,2000
1236,1118,1000
1243,1086,1000
1249,1057,1000
1256,1034,1000
1263,1057,1000
1325,1085,1000
1388,1117,1000
1450,1154,1000
1512,1157,2000
1518,1159,2000
1525,1162,2000
1531,1165,2000
1538,1168,1000
1622,1172,1000
1701,1175,1000
1771,1179,1000
1831,1181,2000
1772,1184,2000
1702,1187,2000
1623,1190,2000
1539,1235,1000
1535,1282,1000
1530,1333,1000
1526,1384,1000
1521,1389,2000
1456,1393,2000
1391,1398,2000
1325,1402,2000
1260,1405,1000
1255,1407,1000
1250,1410,1000
1245,1413,1000
1241,1416,2000
1184,1420,2000
1126,1423,2000
1067,1427,2000
1007,1510,1000
1067,1594,1000
1126,1678,1000
1184,1763,1000
1242,1677,1000
1244,1591,1000
1247,1506,1000
1250,1422,1000
1253,1414,2000
1322,1406,2000
1390,1398,2000
1459,1390,2000
1526,1334,1000
1530,1280,1000
1534,1229,1000
1537,1182,1000
1541,1179,2000
1626,1176,2000
1706,1173,2000
1777,1170,2000
1838,1169,1000
1778,1167,1000
1709,1166,1000
1630,1165,1000
1546,1162,2000
1543,1159,2000
1541,1156,2000
1538,1154,2000
1535,1115,1000
1465,1081,1000
1393,1052,1000
1321,1027,1000
1250,1051,1000
1247,1081,1000
1244,1115,1000
1241,1154,1000
1238,1158,2000
1182,1163,2000
1125,1168,2000
1067,1173,2000
1008,1223,1000
1067,1277,1000
1123,1333,1000
1180,1392,1000
1235,1398,2000
1238,1404,2000
1241,1410,2000
1244,1417,2000
1247,1502,1000
1320,1588,1000
1394,1675,1000
1468,1762,1000
1540,1674,1000
1543,1588,1000
1546,1501,1000
1549,1415,1000
1552,1411,2000
1635,1406,2000
1714,1402,2000
1784,1397,2000
1844,1336,1000
1786,1276,1000
1717,1220,1000
1640,1168,1000
1557,1164,2000
1554,1161,2000
1551,1157,2000
1549,1154,2000
1546,1113,1000
1471,1077,1000
1395,1046,1000
1319,1020,1000
1244,1045,1000
1241,1075,1000
1238,1111,1000
1235,1151,1000
1232,1153,2000
1177,1155,2000
1122,1157,2000
1067,1159,2000
1010,1214,1000
1066,1272,1000
1121,1335,1000
1175,1400,1000
1229,1403,2000
1232,1407,2000
1235,1410,2000
1238,1414,2000
1240,1500,1000
1318,1587,1000
1396,1673,1000
1474,1761,1000
1551,1674,1000
1554,1588,1000
1557,1502,1000
1559,1416,1000
1562,1413,2000
1645,1411,2000
1722,1408,2000
1792,1405,2000
1851,1337,1000
1792,1272,1000
1723,1210,1000
1646,1154,1000
1564,1152,2000
1562,1150,2000
1560,1147,2000
1558,1145,2000
1556,1105,1000
1477,1070,1000
1397,1039,1000
1317,1013,1000
1237,1037,1000
1234,1067,1000
1232,1101,1000
1229,1140,1000
1226,1142,2000
1173,1144,2000
1120,1146,2000
1066,1148,2000
1011,1206,1000
1066,1270,1000
1120,1338,1000
1173,1408,1000
1226,1410,2000
1228,1413,2000
1230,1416,2000
1232,1418,2000
1234,1503,1000
1315,1589,1000
1396,1674,1000
1478,1759,1000
1558,1675,1000
1561,1590,1000
1564,1505,1000
1566,1421,1000
1569,1418,2000
1652,1415,2000
1729,1413,2000
1798,1410,2000
1857,1338,1000
1800,1268,1000
1732,1202,1000
1656,1143,1000
1575,1141,2000
1572,1138,2000
1569,1136,2000
1566,1134,2000
1563,1096,1000
1481,1061,1000
1397,1031,1000
1314,1006,1000
1231,1030,1000
1229,1058,1000
1227,1091,1000
1225,1129,1000
1223,1131,2000
1171,1133,2000
1119,1135,2000
1066,1137,2000
1012,1198,1000
1065,1266,1000
1117,1338,1000
1168,1412,1000
1220,1415,2000
1223,1418,2000
1226,1420,2000
1228,1423,2000
1231,1507,1000
1271,1591,1000
1311,1675,1000
1352,1758,1000
1392,1674,1000
1394,1591,1000
1396,1506,1000
1398,1422,1000
1400,1420,2000
1442,1418,2000
1485,1416,2000
1527,1415,2000
1569,1338,1000
1571,1264,1000
1573,1194,1000
1574,1131,1000
1576,1129,2000
1659,1127,2000
1736,1125,2000
1805,1123,2000
1864,1086,1000
1806,1052,1000
1739,1023,1000
1663,1023,1000
1582,1051,1000
1579,1083,1000
1576,1120,1000
1573,1122,1000
1570,1123,2000
1530,1124,2000
1490,1126,2000
1449,1190,2000
1409,1260,1000
1404,1335,1000
1399,1413,1000
1394,1416,1000
1389,1419,2000
1349,1422,2000
1308,1424,2000
1268,1508,2000
1228,1591,1000
1226,1674,1000
1224,1757,1000
1222,1675,1000
1220,1593,1000
1169,1510,1000
1118,1427,1000
1066,1424,1000
1013,1421,2000
1066,1419,2000
1118,1416,2000
1169,1336,2000
1221,1258,1000
1223,1186,1000
1225,1120,1000
1226,1119,1000
1228,1117,2000
1268,1116,2000
1307,1115,2000
1346,1078,2000
1386,1045,1000
1393,1016,1000
1400,1015,1000
1407,1042,1000
1413,1074,1000
1454,1109,1000
1495,1111,1000
1536,1113,1000
1576,1115,2000
1578,1117,2000
1580,1148,2000
1582,1181,2000
1583,1215,1000
1666,1251,1000
1742,1253,1000
1811,1254,1000
1870,1256,2000
1812,1258,2000
1744,1297,2000
1667,1337,2000
1585,1377,1000
1583,1418,1000
1581,1420,1000
1579,1422,1000
1577,1424,2000
1537,1426,2000
1496,1509,2000
1455,1592,2000
1414,1674,1000
1406,1757,1000
1399,1675,1000
1391,1594,1000
1383,1511,1000
1343,1428,1000
1304,1426,1000
1264,1423,1000
1225,1420,2000
1223,1417,2000
1221,1378,2000
1219,1339,2000
1217,1300,1000
1167,1263,1000
1116,1258,1000
1065,1254,1000
1014,1250,2000
1066,1245,2000
1117,1209,2000
1167,1175,2000
1218,1142,1000
1220,1112,1000
1222,1110,1000
1223,1109,1000
1225,1108,2000
1265,1106,2000
1304,1070,2000
1344,1037,2000
1384,1009,1000
1393,1008,1000
1401,1036,1000
1410,1067,1000
1419,1103,1000
1460,1105,1000
1501,1106,1000
1542,1108,1000
1583,1109,2000
1585,1139,2000
1587,1171,2000
1589,1205,2000
1591,1240,1000
1672,1246,1000
1749,1252,1000
1818,1258,1000
1877,1264,2000
1819,1302,2000
1750,1341,2000
1674,1380,2000
1592,1420,1000
1590,1422,1000
1588,1424,1000
1586,1425,1000
1584,1427,2000
1543,1510,2000
1501,1593,2000
1458,1674,2000
1416,1756,1000
1408,1674,1000
1400,1592,1000
1392,1510,1000
1385,1426,1000
1344,1424,1000
1303,1422,1000
1262,1421,1000
1222,1419,2000
1220,1379,2000
1218,1340,2000
1216,1301,2000
1214,1263,1000
1165,1255,1000
1115,1248,1000
1065,1241,1000
1015,1234,2000
1065,1199,2000
1115,1165,2000
1165,1133,2000
1215,1103,1000
1217,1102,1000
1218,1100,1000
1220,1099,1000
1222,1098,2000
1263,1062,2000
1303,1030,2000
1344,1002,2000
1385,1001,1000
1393,1028,1000
1401,1059,1000
1409,1095,1000
1417,1096,1000
1459,1098,1000
1502,1099,1000
1544,1100,1000
1586,1131,2000
1588,1163,2000
1590,1197,2000
1592,1232,2000
1594,1240,1000
1677,1248,1000
1754,1256,1000
1824,1264,1000
1884,1303,2000
1825,1342,2000
1757,1381,2000
1681,1421,2000
1599,1423,1000
1597,1425,1000
1595,1427,1000
1593,1429,1000
1592,1511,2000
1548,1593,2000
1505,1675,2000
1461,1755,2000
1418,1675,1000
1410,1593,1000
1402,1511,1000
1394,1428,1000
1386,1426,1000
1345,1424,1000
1304,1422,1000
1263,1420,1000
1223,1379,2000
1221,1338,2000
1219,1298,2000
1217,1259,2000
1215,1252,1000
1165,1244,1000
1116,1237,1000
1066,1230,1000
1015,1194,2000
1066,1159,2000
1116,1126,2000
1165,1095,2000
1215,1093,1000
1217,1092,1000
1219,1090,1000
1221,1089,1000
1223,1054,2000
1264,1022,2000
1306,1020,2000
1348,1051,2000
1391,1086,1000
1396,1088,1000
1402,1089,1000
1408,1090,1000
1414,1092,1000
1459,1123,1000
1504,1156,1000
1549,1191,1000
1593,1228,2000
1595,1235,2000
1597,1242,2000
1599,1250,2000
1601,1257,1000
1684,1297,1000
1761,1337,1000
1831,1378,1000
1890,1419,2000
1831,1421,2000
1762,1423,2000
1685,1425,2000
1603,1427,1000
1601,1510,1000
1599,1593,1000
1597,1674,1000
1595,1755,2000
1549,1675,2000
1503,1594,2000
1457,1512,2000
1411,1430,1000
1407,1428,1000
1403,1426,1000
1399,1424,1000
1395,1422,1000
1351,1380,1000
1307,1337,1000
1263,1296,1000
1219,1255,2000
1218,1248,2000
1217,1240,2000
1216,1233,2000
1216,1226,1000
1166,1189,1000
1116,1154,1000
1066,1120,1000
1016,1089,2000
1066,1087,2000
1116,1086,2000
1166,1085,2000
1216,1083,1000
1217,1047,1000
1218,1016,1000
1219,1014,1000
1220,1045,2000
1312,1080,2000
1406,1082,2000
1501,1083,2000
1596,1085,1000
1598,1086,1000
1600,1118,1000
1602,1153,1000
1604,1189,1000
1688,1228,1000
1766,1233,1000
1837,1238,1000
1897,1244,2000
1837,1249,2000
1767,1291,2000
1689,1334,2000
1606,1377,1000
1604,1421,1000
1602,1423,1000
1600,1425,1000
1598,1427,2000
1502,1429,2000
1406,1512,2000
1312,1594,2000
1220,1674,1000
1219,1754,1000
1218,1674,1000
1217,1593,1000
1216,1511,2000
1166,1428,2000
1116,1426,2000
1066,1424,2000
1016,1422,1000
1066,1420,1000
1116,1375,1000
1166,1331,1000
1216,1287,1000
1217,1244,1000
1218,1240,1000
1219,1236,1000
1220,1233,2000
1313,1229,2000
1407,1189,2000
1503,1150,2000
1599,1114,1000
1601,1080,1000
1603,1080,1000
1605,1079,1000
1607,1078,2000
1692,1077,2000
1771,1041,2000
1843,1009,2000
1904,1007,1000
1843,1039,1000
1773,1074,1000
1693,1075,1000
1609,1076,2000
1607,1077,2000
1605,1077,2000
1603,1152,2000
1601,1236,1000
1504,1327,1000
1408,1419,1000
1313,1421,1000
1220,1423,1000
1219,1425,1000
1218,1427,1000
1217,1510,1000
1216,1593,2000
1166,1674,2000
1117,1754,2000
1067,1674,2000
1016,1593,1000
1067,1510,1000
1117,1426,1000
1166,1424,1000
1216,1422,2000
1217,1420,2000
1218,1418,2000
1219,1325,2000
1220,1234,1000
1313,1150,1000
1408,1074,1000
1505,1074,1000
1602,1073,1000
1604,1072,1000
1606,1072,1000
1608,1035,1000
1610,1002,2000
1696,1001,2000
1776,1033,2000
1849,1069,2000
1910,1069,1000
1849,1070,1000
1778,1071,1000
1698,1072,1000
1612,1147,2000
1610,1233,2000
1608,1324,2000
1606,1417,2000
1604,1419,1000
1506,1421,1000
1409,1423,1000
1314,1425,1000
1220,1509,1000
1220,1592,1000
1219,1673,1000
1218,1754,1000
1217,1673,2000
1167,1592,2000
1117,1509,2000
1067,1424,2000
1017,1422,1000
1067,1420,1000
1117,1418,1000
1167,1416,1000
1217,1322,2000
1218,1231,2000
1219,1145,2000
1220,1069,2000
1221,1068,1000
1314,1067,1000
1409,1066,1000
1507,1066,1000
1605,1029,1000
1607,1026,1000
1609,1063,1000
1611,1063,1000
1613,1064,2000
1700,1065,2000
1781,1066,2000
1855,1142,2000
1917,1229,1000
1855,1321,1000
1783,1415,1000
1702,1417,1000
1615,1419,2000
1613,1421,2000
1611,1423,2000
1609,1508,2000
1607,1592,1000
1508,1673,1000
1410,1754,1000
1314,1673,1000
1221,1591,1000
1220,1508,1000
1219,1423,1000
1218,1421,1000
1217,1419,2000
1167,1417,2000
1117,1415,2000
1067,1320,2000
1017,1227,1000
1067,1140,1000
1117,1063,1000
1167,1062,1000
1217,1061,2000
1219,1061,2000
1221,1060,2000
1223,1022,2000
1225,1020,1000
1317,1057,1000
1413,1058,1000
1510,1058,1000
1608,1059,1000
1610,1060,1000
1612,1138,1000
1614,1225,1000
1616,1318,2000
1704,1414,2000
1787,1416,2000
1861,1418,2000
1924,1420,1000
1861,1422,1000
1788,1507,1000
1706,1591,1000
1618,1673,2000
1616,1753,2000
1614,1673,2000
1612,1591,2000
1609,1507,1000
1561,1421,1000
1513,1419,1000
1465,1417,1000
1417,1415,1000
1414,1413,1000
1411,1317,1000
1408,1223,1000
1405,1135,2000
1359,1057,2000
1313,1056,2000
1269,1055,2000
1225,1055,1000
1223,1054,1000
1221,1016,1000
1219,1014,1000
1217,1051,2000
1167,1052,2000
1117,1054,2000
1067,1055,2000
1017,1057,1000
1067,1135,1000
1117,1223,1000
1167,1317,1000
1217,1412,1000
1219,1414,1000
1221,1416,1000
1223,1418,1000
1225,1420,2000
1267,1506,2000
1310,1591,2000
1353,1673,2000
1397,1753,1000
1403,1673,1000
1409,1591,1000
1416,1506,1000
1422,1419,2000
1469,1417,2000
1516,1415,2000
1564,1413,2000
1611,1411,1000
1613,1364,1000
1615,1317,1000
1617,1271,1000
1619,1225,1000
1708,1222,1000
1792,1219,1000
1867,1216,1000
1931,1214,2000
1867,1171,2000
1791,1129,2000
1707,1090,2000
1617,1054,1000
1614,1053,1000
1612,1051,1000
1610,1049,1000
1608,1048,2000
1563,1010,2000
1517,1007,2000
1471,1045,2000
1426,1047,1000
1418,1048,1000
1410,1050,1000
1401,1051,1000
1393,1086,1000
1350,1123,1000
1308,1163,1000
1266,1204,1000
1225,1210,2000
1223,1216,2000
1221,1222,2000
1219,1227,2000
1217,1272,1000
1166,1318,1000
1116,1364,1000
1067,1411,1000
1017,1413,2000
1068,1415,2000
1118,1417,2000
1169,1419,2000
1221,1506,1000
1223,1590,1000
1225,1673,1000
1227,1754,1000
1228,1672,2000
1269,1588,2000
1310,1502,2000
1351,1414,2000
1394,1412,1000
1402,1410,1000
1410,1408,1000
1418,1406,1000
1427,1361,1000
1472,1317,1000
1518,1273,1000
1564,1230,1000
1609,1222,2000
1612,1214,2000
1614,1206,2000
1616,1198,2000
1618,1158,1000
1709,1119,1000
1795,1082,1000
1872,1048,1000
1937,1047,2000
1873,1045,2000
1796,1044,2000
1711,1042,2000
1619,1003,1000
1617,1003,1000
1615,1042,1000
1613,1044,1000
1611,1045,2000
1565,1047,2000
1519,1048,2000
1473,1082,2000
1427,1118,1000
1419,1156,1000
1411,1196,1000
1402,1204,1000
1394,1212,1000
1352,1220,1000
1310,1228,1000
1269,1272,1000
1228,1316,2000
1226,1360,2000
1225,1405,2000
1223,1407,2000
1221,1409,1000
1169,1411,1000
1118,1413,1000
1067,1502,1000
1016,1588,2000
1067,1672,2000
1118,1754,2000
1169,1672,2000
1220,1588,1000
1222,1502,1000
1224,1412,1000
1226,1410,1000
1228,1408,2000
1269,1406,2000
1310,1404,2000
1352,1359,2000
1394,1315,1000
1402,1270,1000
1411,1226,1000
1419,1218,1000
1428,1210,1000
1472,1202,1000
1517,1194,1000
1562,1154,1000
1608,1116,2000
1610,1080,2000
1612,1046,2000
1614,1044,2000
1616,1042,1000
1710,1041,1000
1798,1039,1000
1877,1036,1000
1944,1038,2000
1878,1039,2000
1799,1041,2000
1711,1043,2000
1618,1077,1000
1616,1113,1000
1613,1152,1000
1611,1192,1000
1609,1200,2000
1564,1208,2000
1518,1216,2000
1473,1224,2000
1428,1268,1000
1420,1311,1000
1411,1355,1000
1403,1399,1000
1394,1401,1000
1353,1404,1000
1312,1406,1000
1272,1408,1000
1232,1498,2000
1230,1586,2000
1228,1671,2000
1226,1754,2000
1224,1671,1000
1172,1586,1000
1120,1498,1000
1068,1407,1000
1016,1405,2000
1068,1403,2000
1120,1401,2000
1172,1399,2000
1224,1355,1000
1227,1310,1000
1230,1266,1000
1233,1223,1000
1236,1215,2000
1275,1206,2000
1314,1198,2000
1354,1190,2000
1395,1151,1000
1403,1113,1000
1411,1077,1000
1420,1043,1000
1428,1041,1000
1472,1040,1000
1517,1038,1000
1561,1036,1000
1606,1033,2000
1608,1036,2000
1610,1038,2000
1612,1041,2000
1615,1043,1000
1711,1077,1000
1801,1112,1000
1883,1150,1000
1951,1188,2000
1883,1196,2000
1802,1205,2000
1712,1213,2000
1616,1221,1000
1613,1264,1000
1609,1307,1000
1606,1350,1000
1603,1394,2000
1558,1396,2000
1513,1398,2000
1468,1400,2000
1424,1402,1000
1418,1495,1000
1412,1584,1000
1405,1671,1000
1399,1755,1000
1357,1671,1000
1316,1584,1000
1276,1494,1000
1236,1402,2000
1234,1398,2000
1232,1395,2000
1230,1392,2000
1228,1389,1000
1174,1345,1000
1121,1302,1000
1068,1258,1000
1016,1215,2000
1069,1209,2000
1123,1203,2000
1177,1197,2000
1232,1191,1000
1234,1150,1000
1236,1112,1000
1238,1075,1000
1240,1040,2000
1281,1039,2000
1322,1037,2000
1365,1035,2000
1408,1034,1000
1410,1034,1000
1412,1036,1000
1414,1037,1000
1416,1039,1000
1461,1041,1000
1507,1077,1000
1553,1115,1000
1600,1155,2000
1603,1197,2000
1606,1199,2000
1609,1201,2000
1613,1203,1000
1711,1205,1000
1804,1249,1000
1888,1294,1000
1958,1339,2000
1888,1384,2000
1804,1387,2000
1709,1390,2000
1610,1394,1000
1606,1397,1000
1603,1491,1000
1600,1582,1000
1596,1670,2000
1504,1755,2000
1414,1669,2000
1327,1580,2000
1243,1488,1000
1240,1392,1000
1237,1389,1000
1234,1385,1000
1231,1382,1000
1177,1379,1000
1122,1290,1000
1069,1201,1000
1015,1117,2000
1070,1041,2000
1124,1039,2000
1179,1036,2000
1235,1034,1000
1239,1031,1000
1243,1032,1000
1247,1035,1000
1251,1038,2000
1332,1042,2000
1417,1045,2000
1504,1120,2000
1593,1202,1000
1596,1287,1000
1600,1374,1000
1603,1377,1000
1606,1380,2000
1708,1384,2000
1805,1387,2000
1892,1484,2000
1965,1578,1000
1892,1669,1000
1805,1756,1000
1706,1668,1000
1603,1576,1000
1598,1481,1000
1594,1382,1000
1589,1378,1000
1585,1373,2000
1499,1369,2000
1415,1365,2000
1333,1281,2000
1255,1198,1000
1251,1119,1000
1247,1046,1000
1243,1043,1000
1239,1039,2000
1182,1036,2000
1126,1032,2000
1070,1036,2000
1015,1040,1000
1072,1043,1000
1129,1047,1000
1187,1050,1000
1247,1119,2000
1251,1194,2000
1255,1272,2000
1259,1351,2000
1263,1357,1000
1336,1364,1000
1413,1370,1000
1492,1377,1000
1572,1478,1000
1579,1575,1000
1586,1667,1000
1593,1757,1000
1599,1665,2000
1705,1571,2000
1806,1471,2000
1897,1368,2000
1972,1360,1000
1896,1352,1000
1803,1345,1000
1700,1337,1000
1591,1264,2000
1583,1192,2000
1575,1123,2000
1568,1059,2000
1560,1053,1000
1485,1048,1000
1413,1042,1000
1342,1037,1000
1274,1041,1000
1268,1049,1000
1262,1056,1000
1256,1064,1000
1250,1071,2000
1190,1127,2000
1131,1186,2000
1072,1247,2000
1014,1309,1000
1074,1322,1000
1134,1334,1000
1195,1346,1000
1258,1358,2000
1266,1465,2000
1274,1567,2000
1282,1664,2000
1291,1757,1000
1349,1661,1000
1409,1561,1000
1470,1455,1000
1533,1344,1000
1546,1314,1000
1558,1284,1000
1571,1254,1000
1583,1224,2000
1695,1190,2000
1803,1156,2000
1899,1124,2000
1979,1092,1000
1897,1081,1000
1798,1071,1000
1686,1060,1000
1570,1050,2000
1539,1058,2000
1509,1122,2000
1478,1189,2000
1448,1259,1000
1414,1330,1000
1380,1445,1000
1347,1555,1000
1315,1659,1000
1304,1758,1000
1292,1654,1000
1281,1545,1000
1270,1429,2000
1204,1307,2000
1139,1248,2000
1076,1190,2000
1013,1133,1000
1079,1079,1000
1145,1007,1000
1212,1047,1000
1282,1140,2000
1347,1165,2000
1415,1190,2000
1485,1216,2000
1557,1242,1000
1678,1382,1000
1795,1516,1000
1900,1641,1000
1986,1759,1000
1896,1526,1000
1785,1263,1000
1661,1010,1000
1535,1008,2000
1475,1262,2000
1417,1527,2000
1361,1760,2000
1306,1527,1000
1230,1261,1000
1156,1004,1000
1084,1003,1000
1012,1260,2000
1098,1527,2000
1185,1762,2000
1275,1528,2000
1369,1259,1000
1394,1258,1000
1420,1258,1000
1445,1258,1000
1471,1258,1000
1614,1258,1000
1757,1258,1000
1888,1258,1000
1994,1258,2000
1770,1258,2000
1494,1258,2000
1239,1258,2000
1011,1258,1000
1239,1258,1000
1495,1258,1000
1773,1258,1000
1774,1258,2000
1495,1258,2000
1238,1258,2000
1010,1258,2000
1238,1258,1000
1495,1258,1000
1777,1258,1000
1778,1258,1000
1495,1258,1000
1237,1258,1000
1009,1258,1000
1237,1258,1000
1495,1258,2000
1495,1258,2000
1495,1258,2000
1495,1258,2000
1495,1258,1000
1495,1258,1000
1495,1258,1000
1495,1258,1000
1495,1258,2000
1495,1258,2000
1495,1258,2000
1495,1258,2000
1495,1258,1000
1495,1258,1000
1495,1258,1000
1495,1258,1000
1495,1258,1000
1495,1258,1000
1495,1258,1000
1495,1258,1000
1495,1258,2000
1495,1258,2000
1495,1258,2000
1495,1258,2000
1495,1258,1000
1495,1258,1000
1495,1258,1000
1495,1258,1000
1495,1258,1000
1495,1258,1000
1495,1258,1000
1495,1258,1000
1495,1258,2000
1495,1258,2000
1495,1258,2000
1495,1258,2000
1495,1258,1000
1495,1258,1000
1495,1258,1000
1495,1258,1000
1495,1258,1000
1495,1258,1000
1495,1258,1000
1495,1258,1000
1495,1258,2000
1495,1258,2000
1495,1258,2000
1495,1258,2000
1495,1258,1000
1495,1258,1000
1495,1258,1000
1495,1258,1000
1495,1258,1000
1495,1258,1000
1495,1258,1000
1495,1258,1000
1495,1258,1000
1495,1258,1000
1495,1258,1000
1495,1258,1000
1495,1258,1000
1495,1258,1000
1495,1258,1000
1495,1258,1000
1495,1258,1000
1495,1258,1000
1495,1258,1000
1495,1258,1000
1495,1258,1000
1495,1258,1000
1495,1258,1000
1495,1258,1000
1495,1258,1000
1495,1258,1000
1495,1258,1000
1495,1258,1000
1495,1258,1000
1495,1258,1000
1495,1258,1000
1495,1258,1000
1495,1258,1000
1495,1258,1000
1495,1258,1000
1495,1258,1000
1495,1258,1000
1495,1258,1000
1495,1258,1000
1495,1258,1000
1495,1258,1000
1495,1258,1000
1495,1258,1000
1495,1258,1000
1495,1258,1000
1495,1258,1000
1495,1258,1000
1495,1258,1000
1495,1258,1000
1495,1258,1000
1495,1258,1000
1495,1258,1000
1495,1258,1000
1495,1258,1000
1495,1258,1000
1495,1258,1000
1495,1258,1000
1495,1258,1000
1495,1258,1000
1495,1258,1000
1495,1258,1000
1495,1258,1000
1495,1258,1000
1495,1258,1000
1495,1258,1000
1495,1258,1000
1495,1258,1000
1495,1258,1000
1495,1258,1000
1495,1258,1000
1495,1258,1000
1495,1258,1000
1495,1258,1000
1495,1258,1000
1495,1258,1000
1495,1258,1000
1495,1258,1000
1495,1258,1000
1495,1258,1000
1495,1258,1000
1495,1258,1000
1495,1258,1000
1495,1258,1000
1495,1258,1000
1495,1258,1000
1495,1258,1000
1495,1258,1000
1495,1258,1000
1495,1258,1000
1495,1258,1000
1495,1258,1000
1495,1258,1000
1495,1258,1000
1495,1258,1000
1495,1258,1000
1495,1258,1000
1495,1258,1000
1495,1258,1000
1495,1258,1000
1495,1258,1000
1495,1258,1000
1495,1258,1000
1495,1258,1000
1495,1258,1000
1495,1258,1000
1495,1258,1000
1495,1258,1000
