1373,1509,2000
1370,1510,2000
1367,1510,2000
1364,1510,2000
1361,1510,2000
1358,1510,2000
1355,1510,2000
1352,1510,2000
1349,1510,2000
1346,1511,2000
1343,1511,2000
1340,1511,2000
1337,1511,2000
1334,1511,2000
1331,1512,2000
1328,1512,2000
1325,1512,2000
1322,1513,2000
1319,1513,2000
1315,1513,2000
1312,1514,2000
1309,1514,2000
1306,1514,2000
1303,1515,2000
1300,1515,2000
1296,1515,2000
1293,1516,2000
1290,1516,2000
1287,1517,2000
1283,1517,2000
1280,1518,2000
1277,1518,2000
1273,1519,2000
1270,1519,2000
1267,1520,2000
1263,1521,2000
1260,1521,2000
1257,1522,2000
1253,1523,2000
1250,1523,2000
1246,1524,2000
1246,1521,2000
1246,1518,2000
1246,1515,2000
1245,1512,2000
1245,1509,2000
1245,1506,2000
1244,1503,2000
1244,1500,2000
1244,1497,2000
1243,1495,2000
1243,1492,2000
1243,1489,2000
1242,1486,2000
1242,1483,2000
1241,1480,2000
1241,1477,2000
1240,1474,2000
1240,1472,2000
1240,1469,2000
1239,1466,2000
1239,1463,2000
1238,1460,2000
1237,1457,2000
1237,1455,2000
1236,1452,2000
1236,1449,2000
1235,1446,2000
1235,1443,2000
1234,1441,2000
1233,1438,2000
1233,1435,2000
1232,1432,2000
1232,1430,2000
1231,1427,2000
1230,1424,2000
1230,1421,2000
1229,1419,2000
1228,1416,2000
1227,1413,2000
1227,1410,2000
1229,1410,2000
1231,1409,2000
1233,1409,2000
1235,1408,2000
1237,1408,2000
1239,1407,2000
1241,1407,2000
1243,1406,2000
1245,1406,2000
1247,1405,2000
1249,1405,2000
1251,1404,2000
1253,1404,2000
1255,1403,2000
1257,1403,2000
1259,1402,2000
1261,1402,2000
1263,1401,2000
1265,1401,2000
1267,1401,2000
1269,1400,2000
1271,1400,2000
1273,1399,2000
1275,1399,2000
1277,1399,2000
1279,1398,2000
1281,1398,2000
1283,1397,2000
1285,1397,2000
1286,1397,2000
1288,1396,2000
1290,1396,2000
1292,1396,2000
1294,1395,2000
1296,1395,2000
1298,1395,2000
1300,1394,2000
1302,1394,2000
1303,1394,2000
1305,1393,2000
1304,1393,2000
1303,1392,2000
1303,1391,2000
1302,1391,2000
1301,1390,2000
1300,1389,2000
1299,1388,2000
1298,1388,2000
1297,1387,2000
1296,1386,2000
1295,1386,2000
1294,1385,2000
1293,1384,2000
1293,1383,2000
1292,1383,2000
1291,1382,2000
1290,1381,2000
1289,1381,2000
1288,1380,2000
1287,1379,2000
1286,1379,2000
1285,1378,2000
1284,1377,2000
1283,1376,2000
1282,1376,2000
1281,1375,2000
1281,1374,2000
1280,1374,2000
1279,1373,2000
1278,1372,2000
1277,1372,2000
1276,1371,2000
1275,1370,2000
1274,1370,2000
1273,1369,2000
1272,1368,2000
1271,1367,2000
1270,1367,2000
1269,1366,2000
1268,1365,1000
1272,1370,1000
1275,1374,1000
1278,1379,1000
1282,1383,1000
1285,1388,1000
1288,1393,1000
1291,1397,1000
1294,1402,1000
1297,1406,1000
1300,1411,1000
1303,1416,1000
1306,1420,1000
1309,1425,1000
1312,1429,1000
1315,1434,1000
1318,1439,1000
1321,1443,1000
1324,1448,1000
1327,1453,1000
1330,1457,1000
1332,1462,1000
1335,1467,1000
1338,1472,1000
1341,1476,1000
1343,1481,1000
1346,1486,1000
1348,1491,1000
1351,1495,1000
1354,1500,1000
1356,1505,1000
1359,1510,1000
1361,1515,1000
1363,1520,1000
1366,1525,1000
1368,1529,1000
1371,1534,1000
1373,1539,1000
1375,1544,1000
1377,1549,1000
1380,1554,2000
1380,1553,2000
1380,1552,2000
1380,1551,2000
1380,1550,2000
1380,1549,2000
1380,1548,2000
1380,1547,2000
1380,1546,2000
1380,1545,2000
1380,1544,2000
1381,1543,2000
1381,1541,2000
1381,1540,2000
1381,1539,2000
1381,1538,2000
1381,1537,2000
1381,1536,2000
1381,1535,2000
1381,1534,2000
1381,1533,2000
1381,1532,2000
1381,1531,2000
1381,1530,2000
1381,1529,2000
1381,1528,2000
1381,1527,2000
1381,1526,2000
1382,1525,2000
1382,1524,2000
1382,1523,2000
1382,1522,2000
1382,1521,2000
1382,1520,2000
1382,1519,2000
1382,1518,2000
1382,1517,2000
1382,1516,2000
1382,1515,2000
1382,1514,2000
1382,1513,2000
1382,1512,2000
1382,1511,2000
1382,1510,2000
1382,1509,2000
1382,1508,2000
1382,1507,2000
1382,1506,2000
1382,1505,2000
1382,1505,2000
1382,1504,2000
1382,1503,2000
1382,1502,2000
1382,1501,2000
1382,1500,2000
1382,1499,2000
1382,1498,2000
1382,1498,2000
1382,1497,2000
1382,1496,2000
1382,1495,2000
1382,1494,2000
1382,1493,2000
1382,1492,2000
1382,1491,2000
1382,1491,2000
1382,1490,2000
1382,1489,2000
1382,1488,2000
1382,1487,2000
1382,1486,2000
1382,1485,2000
1382,1484,2000
1382,1484,2000
1382,1483,2000
1382,1482,2000
1382,1481,2000
1382,1480,2000
1382,1479,2000
1382,1478,2000
1382,1478,2000
1381,1477,2000
1381,1476,2000
1381,1475,2000
1380,1474,2000
1380,1473,2000
1379,1472,2000
1379,1471,2000
1378,1470,2000
1378,1469,2000
1377,1469,2000
1377,1468,2000
1377,1467,2000
1376,1466,2000
1376,1465,2000
1375,1464,2000
1375,1463,2000
1374,1462,2000
1374,1462,2000
1373,1461,2000
1373,1460,2000
1372,1459,2000
1372,1458,2000
1372,1457,2000
1371,1456,2000
1371,1455,2000
1370,1454,2000
1370,1454,2000
1369,1453,2000
1369,1452,2000
1368,1451,2000
1368,1450,2000
1367,1449,2000
1367,1448,2000
1366,1447,2000
1366,1446,2000
1365,1446,2000
1365,1445,2000
1364,1444,2000
1364,1443,2000
1363,1442,2000
1363,1441,2000
1362,1440,2000
1361,1440,2000
1361,1439,2000
1360,1438,2000
1359,1437,2000
1359,1436,2000
1358,1436,2000
1357,1435,2000
1357,1434,2000
1356,1433,2000
1355,1432,2000
1355,1431,2000
1354,1431,2000
1353,1430,2000
1353,1429,2000
1352,1428,2000
1351,1427,2000
1351,1426,2000
1350,1426,2000
1349,1425,2000
1348,1424,2000
1348,1423,2000
1347,1422,2000
1346,1422,2000
1346,1421,2000
1345,1420,2000
1344,1419,2000
1344,1418,2000
1343,1418,2000
1342,1417,2000
1342,1416,2000
1341,1415,2000
1340,1414,2000
1339,1413,2000
1339,1413,2000
1338,1412,2000
1337,1411,2000
1337,1410,2000
1336,1409,2000
1335,1409,2000
1335,1408,2000
1334,1408,2000
1334,1408,2000
1333,1407,2000
1332,1407,2000
1332,1406,2000
1331,1406,2000
1331,1405,2000
1330,1405,2000
1330,1404,2000
1329,1404,2000
1328,1403,2000
1328,1403,2000
1327,1402,2000
1327,1402,2000
1326,1401,2000
1326,1401,2000
1325,1400,2000
1324,1400,2000
1324,1400,2000
1323,1399,2000
1323,1399,2000
1322,1398,2000
1322,1398,2000
1321,1397,2000
1320,1397,2000
1320,1396,2000
1319,1396,2000
1319,1395,2000
1318,1395,2000
1318,1394,2000
1317,1394,2000
1316,1393,2000
1316,1393,2000
1315,1393,2000
1315,1392,2000
1314,1392,2000
1314,1391,2000
1313,1391,2000
1312,1390,2000
1311,1389,2000
1310,1389,2000
1309,1388,2000
1307,1387,2000
1306,1387,2000
1305,1386,2000
1304,1385,2000
1303,1385,2000
1302,1384,2000
1301,1384,2000
1300,1383,2000
1299,1382,2000
1297,1382,2000
1296,1381,2000
1295,1380,2000
1294,1380,2000
1293,1379,2000
1292,1378,2000
1291,1378,2000
1290,1377,2000
1289,1376,2000
1287,1376,2000
1286,1375,2000
1285,1375,2000
1284,1374,2000
1283,1373,2000
1282,1373,2000
1281,1372,2000
1280,1372,2000
1279,1371,2000
1277,1370,2000
1276,1370,2000
1275,1369,2000
1274,1368,2000
1273,1368,2000
1272,1367,2000
1271,1367,2000
1270,1366,2000
1268,1365,1000
1272,1369,1000
1275,1373,1000
1279,1377,1000
1282,1380,1000
1285,1384,1000
1289,1388,1000
1292,1391,1000
1295,1395,1000
1298,1399,1000
1302,1403,1000
1305,1407,1000
1308,1410,1000
1311,1414,1000
1314,1418,1000
1318,1422,1000
1321,1426,1000
1324,1430,1000
1327,1433,1000
1330,1437,1000
1333,1441,1000
1336,1445,1000
1339,1449,1000
1342,1453,1000
1345,1457,1000
1348,1461,1000
1351,1465,1000
1354,1469,1000
1357,1473,1000
1360,1477,1000
1363,1481,1000
1366,1485,1000
1369,1489,1000
1371,1493,1000
1374,1497,1000
1377,1501,1000
1380,1505,1000
1383,1509,1000
1385,1513,1000
1388,1517,1000
1391,1521,2000
1391,1522,2000
1392,1522,2000
1393,1523,2000
1393,1523,2000
1394,1524,2000
1395,1524,2000
1395,1525,2000
1396,1525,2000
1397,1526,2000
1397,1526,2000
1398,1527,2000
1399,1527,2000
1399,1528,2000
1400,1528,2000
1400,1529,2000
1401,1529,2000
1402,1530,2000
1402,1530,2000
1403,1531,2000
1404,1531,2000
1404,1532,2000
1405,1532,2000
1406,1533,2000
1406,1533,2000
1407,1534,2000
1408,1534,2000
1408,1535,2000
1409,1536,2000
1409,1536,2000
1410,1537,2000
1411,1537,2000
1411,1538,2000
1412,1538,2000
1413,1539,2000
1413,1539,2000
1414,1540,2000
1415,1540,2000
1415,1541,2000
1416,1541,2000
1417,1542,2000
1417,1542,2000
1418,1543,2000
1418,1543,2000
1419,1544,2000
1419,1544,2000
1420,1545,2000
1420,1545,2000
1421,1545,2000
1422,1546,2000
1422,1546,2000
1423,1547,2000
1423,1547,2000
1424,1548,2000
1424,1548,2000
1425,1549,2000
1426,1549,2000
1426,1550,2000
1427,1550,2000
1427,1551,2000
1428,1551,2000
1428,1551,2000
1429,1552,2000
1429,1552,2000
1430,1553,2000
1431,1553,2000
1431,1554,2000
1432,1554,2000
1432,1555,2000
1433,1555,2000
1433,1556,2000
1434,1556,2000
1435,1557,2000
1435,1557,2000
1436,1557,2000
1436,1558,2000
1437,1558,2000
1437,1559,2000
1438,1559,2000
1438,1560,2000
1439,1560,2000
1440,1560,2000
1441,1561,2000
1441,1561,2000
1442,1561,2000
1443,1561,2000
1444,1561,2000
1444,1561,2000
1445,1561,2000
1446,1562,2000
1447,1562,2000
1447,1562,2000
1448,1562,2000
1449,1562,2000
1450,1562,2000
1450,1563,2000
1451,1563,2000
1452,1563,2000
1453,1563,2000
1453,1563,2000
1454,1563,2000
1455,1564,2000
1456,1564,2000
1457,1564,2000
1457,1564,2000
1458,1564,2000
1459,1564,2000
1460,1565,2000
1460,1565,2000
1461,1565,2000
1462,1565,2000
1463,1565,2000
1463,1565,2000
1464,1566,2000
1465,1566,2000
1466,1566,2000
1466,1566,2000
1467,1566,2000
1468,1566,2000
1469,1567,2000
1469,1567,2000
1470,1567,2000
1471,1568,2000
1472,1568,2000
1473,1568,2000
1474,1569,2000
1474,1569,2000
1475,1570,2000
1476,1570,2000
1477,1570,2000
1478,1571,2000
1479,1571,2000
1479,1572,2000
1480,1572,2000
1481,1572,2000
1482,1573,2000
1483,1573,2000
1483,1574,2000
1484,1574,2000
1485,1574,2000
1486,1575,2000
1487,1575,2000
1488,1576,2000
1488,1576,2000
1489,1576,2000
1490,1577,2000
1491,1577,2000
1492,1578,2000
1492,1578,2000
1493,1578,2000
1494,1579,2000
1495,1579,2000
1496,1580,2000
1497,1580,2000
1497,1581,2000
1498,1581,2000
1499,1581,2000
1500,1582,2000
1501,1582,2000
1502,1583,2000
1502,1583,2000
1503,1583,2000
1504,1583,2000
1505,1582,2000
1506,1582,2000
1506,1582,2000
1507,1582,2000
1508,1581,2000
1509,1581,2000
1510,1581,2000
1511,1581,2000
1511,1580,2000
1512,1580,2000
1513,1580,2000
1514,1580,2000
1515,1580,2000
1515,1579,2000
1516,1579,2000
1517,1579,2000
1518,1579,2000
1519,1578,2000
1519,1578,2000
1520,1578,2000
1521,1578,2000
1522,1578,2000
1523,1577,2000
1523,1577,2000
1524,1577,2000
1525,1577,2000
1526,1577,2000
1527,1576,2000
1528,1576,2000
1528,1576,2000
1529,1576,2000
1530,1576,2000
1531,1575,2000
1532,1575,2000
1532,1575,2000
1533,1575,2000
1534,1575,2000
1535,1575,2000
1535,1574,2000
1535,1574,2000
1536,1573,2000
1536,1573,2000
1536,1572,2000
1537,1572,2000
1537,1571,2000
1537,1571,2000
1538,1570,2000
1538,1570,2000
1538,1569,2000
1539,1569,2000
1539,1568,2000
1539,1568,2000
1539,1567,2000
1540,1567,2000
1540,1566,2000
1540,1566,2000
1541,1565,2000
1541,1565,2000
1541,1564,2000
1542,1564,2000
1542,1563,2000
1542,1563,2000
1543,1562,2000
1543,1562,2000
1543,1561,2000
1543,1561,2000
1544,1560,2000
1544,1560,2000
1544,1559,2000
1545,1559,2000
1545,1558,2000
1545,1558,2000
1546,1557,2000
1546,1557,2000
1546,1557,2000
1546,1556,2000
1547,1556,2000
1547,1555,2000
1547,1554,2000
1548,1554,2000
1548,1553,2000
1548,1552,2000
1548,1551,2000
1549,1551,2000
1549,1550,2000
1549,1549,2000
1549,1549,2000
1550,1548,2000
1550,1547,2000
1550,1546,2000
1551,1546,2000
1551,1545,2000
1551,1544,2000
1551,1544,2000
1552,1543,2000
1552,1542,2000
1552,1541,2000
1552,1541,2000
1553,1540,2000
1553,1539,2000
1553,1539,2000
1553,1538,2000
1554,1537,2000
1554,1536,2000
1554,1536,2000
1554,1535,2000
1554,1534,2000
1555,1534,2000
1555,1533,2000
1555,1532,2000
1555,1532,2000
1556,1531,2000
1556,1530,2000
1556,1529,2000
1556,1529,2000
1557,1528,2000
1557,1527,2000
1557,1527,2000
1557,1526,2000
1557,1526,2000
1557,1525,2000
1556,1525,2000
1556,1524,2000
1556,1524,2000
1556,1523,2000
1556,1523,2000
1556,1523,2000
1556,1522,2000
1556,1522,2000
1555,1521,2000
1555,1521,2000
1555,1520,2000
1555,1520,2000
1555,1519,2000
1555,1519,2000
1555,1518,2000
1554,1518,2000
1554,1518,2000
1554,1517,2000
1554,1517,2000
1554,1516,2000
1554,1516,2000
1554,1515,2000
1553,1515,2000
1553,1514,2000
1553,1514,2000
1553,1513,2000
1553,1513,2000
1553,1513,2000
1553,1512,2000
1552,1512,2000
1552,1511,2000
1552,1511,2000
1552,1510,2000
1552,1510,2000
1552,1509,2000
1552,1509,2000
1551,1508,2000
1552,1509,2000
1553,1509,2000
1554,1509,2000
1554,1509,2000
1555,1509,2000
1556,1510,2000
1557,1510,2000
1557,1510,2000
1558,1510,2000
1559,1510,2000
1560,1510,2000
1560,1511,2000
1561,1511,2000
1562,1511,2000
1562,1511,2000
1563,1511,2000
1564,1512,2000
1565,1512,2000
1565,1512,2000
1566,1512,2000
1567,1512,2000
1568,1513,2000
1568,1513,2000
1569,1513,2000
1570,1513,2000
1570,1513,2000
1571,1514,2000
1572,1514,2000
1573,1514,2000
1573,1514,2000
1574,1514,2000
1575,1515,2000
1576,1515,2000
1576,1515,2000
1577,1515,2000
1578,1515,2000
1579,1516,2000
1579,1516,2000
1580,1516,2000
1581,1516,2000
1582,1517,2000
1582,1517,2000
1583,1518,2000
1584,1519,2000
1585,1519,2000
1586,1520,2000
1587,1520,2000
1588,1521,2000
1588,1521,2000
1589,1522,2000
1590,1522,2000
1591,1523,2000
1592,1524,2000
1593,1524,2000
1594,1525,2000
1595,1525,2000
1595,1526,2000
1596,1526,2000
1597,1527,2000
1598,1527,2000
1599,1528,2000
1600,1529,2000
1601,1529,2000
1601,1530,2000
1602,1530,2000
1603,1531,2000
1604,1531,2000
1605,1532,2000
1606,1533,2000
1607,1533,2000
1607,1534,2000
1608,1534,2000
1609,1535,2000
1610,1535,2000
1611,1536,2000
1612,1536,2000
1613,1537,2000
1613,1538,2000
1614,1538,2000
1615,1539,2000
1616,1539,2000
1617,1539,2000
1617,1539,2000
1618,1539,2000
1619,1539,2000
1620,1540,2000
1620,1540,2000
1621,1540,2000
1622,1540,2000
1622,1540,2000
1623,1540,2000
1624,1540,2000
1625,1541,2000
1625,1541,2000
1626,1541,2000
1627,1541,2000
1628,1541,2000
1628,1541,2000
1629,1541,2000
1630,1542,2000
1630,1542,2000
1631,1542,2000
1632,1542,2000
1633,1542,2000
1633,1542,2000
1634,1542,2000
1635,1543,2000
1636,1543,2000
1636,1543,2000
1637,1543,2000
1638,1543,2000
1638,1543,2000
1639,1544,2000
1640,1544,2000
1641,1544,2000
1641,1544,2000
1642,1544,2000
1643,1544,2000
1644,1545,2000
1644,1545,2000
1645,1545,2000
1646,1545,2000
1646,1545,2000
1647,1545,2000
1648,1545,2000
1649,1545,2000
1649,1545,2000
1650,1545,2000
1651,1545,2000
1651,1545,2000
1652,1545,2000
1653,1545,2000
1654,1545,2000
1654,1546,2000
1655,1546,2000
1656,1546,2000
1656,1546,2000
1657,1546,2000
1658,1546,2000
1658,1546,2000
1659,1546,2000
1660,1546,2000
1661,1546,2000
1661,1546,2000
1662,1546,2000
1663,1546,2000
1663,1547,2000
1664,1547,2000
1665,1547,2000
1666,1547,2000
1666,1547,2000
1667,1547,2000
1668,1547,2000
1668,1547,2000
1669,1547,2000
1670,1547,2000
1671,1547,2000
1671,1547,2000
1672,1548,2000
1673,1548,2000
1673,1548,2000
1674,1547,2000
1675,1547,2000
1675,1547,2000
1676,1547,2000
1676,1547,2000
1677,1547,2000
1678,1547,2000
1678,1547,2000
1679,1547,2000
1679,1547,2000
1680,1546,2000
1681,1546,2000
1681,1546,2000
1682,1546,2000
1682,1546,2000
1683,1546,2000
1684,1546,2000
1684,1546,2000
1685,1546,2000
1685,1546,2000
1686,1546,2000
1687,1545,2000
1687,1545,2000
1688,1545,2000
1688,1545,2000
1689,1545,2000
1690,1545,2000
1690,1545,2000
1691,1545,2000
1692,1545,2000
1692,1545,2000
1693,1545,2000
1693,1545,2000
1694,1545,2000
1695,1545,2000
1695,1544,2000
1696,1544,2000
1696,1544,2000
1697,1544,2000
1697,1544,2000
1697,1543,2000
1698,1543,2000
1698,1543,2000
1698,1542,2000
1698,1542,2000
1698,1541,2000
1698,1541,2000
1699,1540,2000
1699,1540,2000
1699,1540,2000
1699,1539,2000
1699,1539,2000
1700,1538,2000
1700,1538,2000
1700,1538,2000
1700,1537,2000
1700,1537,2000
1701,1536,2000
1701,1536,2000
1701,1536,2000
1701,1535,2000
1701,1535,2000
1701,1534,2000
1702,1534,2000
1702,1534,2000
1702,1533,2000
1702,1533,2000
1702,1532,2000
1702,1532,2000
1703,1531,2000
1703,1531,2000
1703,1531,2000
1703,1530,2000
1703,1530,2000
1703,1529,2000
1704,1529,2000
1704,1529,2000
1704,1528,2000
1704,1528,2000
1704,1527,2000
1704,1527,2000
1704,1526,2000
1703,1526,2000
1703,1525,2000
1703,1525,2000
1703,1524,2000
1703,1523,2000
1703,1523,2000
1703,1522,2000
1702,1522,2000
1702,1521,2000
1702,1521,2000
1702,1520,2000
1702,1519,2000
1702,1519,2000
1702,1518,2000
1701,1518,2000
1701,1517,2000
1701,1517,2000
1701,1516,2000
1701,1515,2000
1701,1515,2000
1700,1514,2000
1700,1514,2000
1700,1513,2000
1700,1513,2000
1700,1512,2000
1700,1512,2000
1699,1511,2000
1699,1510,2000
1699,1510,2000
1699,1509,2000
1699,1509,2000
1699,1508,2000
1698,1508,2000
1698,1507,2000
1698,1506,2000
1698,1506,2000
1698,1505,2000
1697,1505,2000
1697,1504,2000
1696,1503,2000
1696,1502,2000
1695,1502,2000
1695,1501,2000
1694,1500,2000
1694,1499,2000
1693,1499,2000
1693,1498,2000
1692,1497,2000
1692,1496,2000
1691,1496,2000
1691,1495,2000
1690,1494,2000
1690,1493,2000
1689,1493,2000
1689,1492,2000
1688,1491,2000
1688,1491,2000
1687,1490,2000
1687,1489,2000
1686,1488,2000
1686,1488,2000
1685,1487,2000
1685,1486,2000
1684,1485,2000
1684,1485,2000
1683,1484,2000
1683,1483,2000
1682,1482,2000
1681,1482,2000
1681,1481,2000
1680,1480,2000
1680,1479,2000
1679,1479,2000
1679,1478,2000
1678,1477,2000
1678,1476,2000
1677,1476,2000
1671,1469,2000
1665,1463,2000
1658,1457,2000
1652,1450,2000
1646,1444,2000
1639,1438,2000
1633,1431,2000
1626,1425,2000
1620,1419,2000
1613,1412,2000
1607,1406,2000
1600,1400,2000
1594,1393,2000
1587,1387,2000
1581,1380,2000
1574,1374,2000
1568,1368,2000
1561,1361,2000
1555,1355,2000
1548,1349,2000
1542,1342,2000
1535,1336,2000
1529,1329,2000
1522,1323,2000
1515,1317,2000
1509,1310,2000
1502,1304,2000
1496,1297,2000
1489,1291,2000
1483,1285,2000
1476,1278,2000
1470,1272,2000
1463,1266,2000
1457,1259,2000
1450,1253,2000
1444,1247,2000
1437,1240,2000
1431,1234,2000
1424,1228,2000
1418,1222,2000
1417,1221,2000
1416,1220,2000
1415,1219,2000
1413,1218,2000
1412,1217,2000
1411,1216,2000
1410,1215,2000
1409,1214,2000
1408,1213,2000
1406,1212,2000
1405,1211,2000
1404,1210,2000
1403,1209,2000
1402,1208,2000
1401,1207,2000
1399,1206,2000
1398,1205,2000
1397,1204,2000
1396,1203,2000
1395,1202,2000
1394,1201,2000
1393,1200,2000
1391,1199,2000
1390,1198,2000
1389,1197,2000
1388,1196,2000
1387,1195,2000
1386,1194,2000
1385,1193,2000
1383,1192,2000
1382,1191,2000
1381,1190,2000
1380,1189,2000
1379,1188,2000
1378,1187,2000
1377,1187,2000
1375,1186,2000
1374,1185,2000
1373,1184,2000
1372,1183,2000
1371,1183,2000
1371,1183,2000
1370,1183,2000
1370,1183,2000
1369,1183,2000
1369,1182,2000
1368,1182,2000
1367,1182,2000
1367,1182,2000
1366,1182,2000
1366,1182,2000
1365,1182,2000
1364,1182,2000
1364,1182,2000
1363,1182,2000
1363,1182,2000
1362,1182,2000
1362,1182,2000
1361,1182,2000
1360,1182,2000
1360,1182,2000
1359,1182,2000
1359,1182,2000
1358,1182,2000
1357,1182,2000
1357,1182,2000
1356,1182,2000
1356,1182,2000
1355,1182,2000
1355,1182,2000
1354,1182,2000
1353,1182,2000
1353,1182,2000
1352,1182,2000
1352,1182,2000
1351,1182,2000
1350,1182,2000
1350,1182,2000
1349,1182,2000
1349,1182,2000
1348,1182,2000
1348,1182,2000
1348,1182,2000
1347,1182,2000
1347,1182,2000
1346,1183,2000
1346,1183,2000
1346,1183,2000
1345,1183,2000
1345,1183,2000
1344,1183,2000
1344,1183,2000
1344,1184,2000
1343,1184,2000
1343,1184,2000
1343,1184,2000
1342,1184,2000
1342,1184,2000
1341,1184,2000
1341,1184,2000
1341,1185,2000
1340,1185,2000
1340,1185,2000
1339,1185,2000
1339,1185,2000
1339,1185,2000
1338,1186,2000
1338,1186,2000
1338,1186,2000
1337,1186,2000
1337,1186,2000
1336,1186,2000
1336,1186,2000
1336,1187,2000
1335,1187,2000
1335,1187,2000
1334,1187,2000
1334,1187,2000
1334,1187,2000
1333,1188,2000
1333,1188,2000
1333,1188,2000
1333,1188,2000
1332,1188,2000
1332,1189,2000
1332,1189,2000
1332,1189,2000
1332,1189,2000
1332,1189,2000
1331,1190,2000
1331,1190,2000
1331,1190,2000
1331,1190,2000
1331,1190,2000
1331,1191,2000
1330,1191,2000
1330,1191,2000
1330,1191,2000
1330,1191,2000
1330,1192,2000
1330,1192,2000
1329,1192,2000
1329,1192,2000
1329,1193,2000
1329,1193,2000
1329,1193,2000
1328,1193,2000
1328,1193,2000
1328,1194,2000
1328,1194,2000
1328,1194,2000
1328,1194,2000
1327,1194,2000
1327,1195,2000
1327,1195,2000
1327,1195,2000
1327,1195,2000
1326,1196,2000
1326,1196,2000
1326,1196,2000
1326,1196,2000
1326,1197,2000
1325,1197,2000
1325,1197,2000
1325,1198,2000
1325,1198,2000
1325,1198,2000
1324,1199,2000
1324,1199,2000
1324,1199,2000
1324,1200,2000
1323,1200,2000
1323,1200,2000
1323,1201,2000
1323,1201,2000
1322,1201,2000
1322,1202,2000
1322,1202,2000
1322,1202,2000
1322,1203,2000
1321,1203,2000
1321,1203,2000
1321,1204,2000
1321,1204,2000
1320,1204,2000
1320,1205,2000
1320,1205,2000
1320,1205,2000
1319,1206,2000
1319,1206,2000
1319,1207,2000
1319,1207,2000
1318,1207,2000
1318,1208,2000
1318,1208,2000
1318,1208,2000
1318,1209,2000
1317,1209,2000
1317,1209,2000
1317,1210,2000
1317,1210,2000
1317,1211,2000
1318,1211,2000
1318,1212,2000
1318,1213,2000
1318,1213,2000
1319,1214,2000
1319,1215,2000
1319,1215,2000
1319,1216,2000
1320,1216,2000
1320,1217,2000
1320,1218,2000
1321,1218,2000
1321,1219,2000
1321,1219,2000
1321,1220,2000
1322,1221,2000
1322,1221,2000
1322,1222,2000
1322,1222,2000
1323,1223,2000
1323,1224,2000
1323,1224,2000
1323,1225,2000
1324,1226,2000
1324,1226,2000
1324,1227,2000
1324,1227,2000
1325,1228,2000
1325,1229,2000
1325,1229,2000
1325,1230,2000
1326,1230,2000
1326,1231,2000
1326,1232,2000
1326,1232,2000
1327,1233,2000
1327,1233,2000
1327,1234,2000
1327,1234,2000
1327,1235,2000
1327,1235,2000
1327,1236,2000
1327,1236,2000
1327,1237,2000
1327,1237,2000
1326,1238,2000
1326,1238,2000
1326,1239,2000
1326,1239,2000
1326,1240,2000
1326,1240,2000
1326,1241,2000
1326,1241,2000
1326,1242,2000
1326,1242,2000
1326,1243,2000
1325,1243,2000
1325,1244,2000
1325,1244,2000
1325,1245,2000
1325,1245,2000
1325,1246,2000
1325,1246,2000
1325,1247,2000
1325,1247,2000
1325,1248,2000
1324,1248,2000
1324,1249,2000
1324,1249,2000
1324,1250,2000
1324,1250,2000
1324,1251,2000
1324,1251,2000
1324,1252,2000
1324,1252,2000
1323,1253,2000
1323,1253,2000
1323,1254,2000
1324,1255,2000
1324,1255,2000
1325,1256,2000
1325,1257,2000
1326,1258,2000
1326,1258,2000
1327,1259,2000
1327,1260,2000
1328,1261,2000
1328,1261,2000
1329,1262,2000
1329,1263,2000
1330,1264,2000
1331,1264,2000
1331,1265,2000
1332,1266,2000
1332,1267,2000
1333,1267,2000
1333,1268,2000
1334,1269,2000
1334,1270,2000
1335,1271,2000
1335,1271,2000
1336,1272,2000
1336,1273,2000
1337,1274,2000
1337,1274,2000
1338,1275,2000
1338,1276,2000
1339,1277,2000
1339,1277,2000
1340,1278,2000
1340,1279,2000
1341,1280,2000
1341,1280,2000
1342,1281,2000
1342,1282,2000
1343,1283,2000
1343,1283,2000
1344,1284,2000
1344,1285,2000
1344,1285,2000
1345,1286,2000
1345,1287,2000
1345,1287,2000
1346,1288,2000
1346,1288,2000
1346,1289,2000
1347,1290,2000
1347,1290,2000
1347,1291,2000
1347,1291,2000
1348,1292,2000
1348,1293,2000
1348,1293,2000
1349,1294,2000
1349,1294,2000
1349,1295,2000
1350,1296,2000
1350,1296,2000
1350,1297,2000
1351,1297,2000
1351,1298,2000
1351,1299,2000
1352,1299,2000
1352,1300,2000
1352,1301,2000
1352,1301,2000
1353,1302,2000
1353,1302,2000
1353,1303,2000
1354,1304,2000
1354,1304,2000
1354,1305,2000
1355,1305,2000
1355,1306,2000
1355,1307,2000
1355,1307,2000
1356,1308,2000
1356,1308,2000
1357,1309,2000
1357,1310,2000
1357,1310,2000
1358,1311,2000
1358,1311,2000
1359,1312,2000
1359,1312,2000
1360,1313,2000
1360,1313,2000
1361,1314,2000
1361,1315,2000
1362,1315,2000
1362,1316,2000
1363,1316,2000
1363,1317,2000
1363,1317,2000
1364,1318,2000
1364,1319,2000
1365,1319,2000
1365,1320,2000
1366,1320,2000
1366,1321,2000
1367,1321,2000
1367,1322,2000
1368,1322,2000
1368,1323,2000
1368,1324,2000
1369,1324,2000
1369,1325,2000
1370,1325,2000
1370,1326,2000
1371,1326,2000
1371,1327,2000
1372,1328,2000
1372,1328,2000
1372,1329,2000
1373,1329,2000
1373,1330,2000
1374,1330,2000
1374,1331,2000
1374,1331,2000
1373,1331,2000
1373,1331,2000
1372,1331,2000
1372,1331,2000
1372,1331,2000
1371,1331,2000
1371,1331,2000
1370,1331,2000
1370,1331,2000
1369,1332,2000
1369,1332,2000
1368,1332,2000
1368,1332,2000
1367,1332,2000
1367,1332,2000
1367,1332,2000
1366,1332,2000
1366,1332,2000
1365,1332,2000
1365,1332,2000
1364,1332,2000
1364,1332,2000
1363,1332,2000
1363,1332,2000
1362,1332,2000
1362,1333,2000
1361,1333,2000
1361,1333,2000
1361,1333,2000
1360,1333,2000
1360,1333,2000
1359,1333,2000
1359,1333,2000
1358,1333,2000
1358,1333,2000
1357,1333,2000
1357,1333,2000
1356,1333,2000
1356,1333,2000
1355,1334,2000
1355,1334,2000
1355,1334,2000
1354,1334,2000
1354,1334,2000
1353,1334,2000
1353,1334,2000
1352,1334,2000
1352,1334,2000
1351,1334,2000
1351,1334,2000
1350,1334,2000
1350,1334,2000
1349,1335,2000
1349,1335,2000
1349,1335,2000
1348,1335,2000
1348,1335,2000
1347,1335,2000
1347,1335,2000
1346,1335,2000
1346,1335,2000
1345,1335,2000
1345,1335,2000
1344,1335,2000
1344,1336,2000
1343,1336,2000
1343,1336,2000
1342,1336,2000
1342,1336,2000
1341,1336,2000
1341,1336,2000
1341,1336,2000
1340,1336,2000
1340,1336,2000
1339,1336,2000
1339,1337,2000
1338,1337,2000
1338,1337,2000
1337,1337,2000
1337,1337,2000
1336,1337,2000
1336,1337,2000
1335,1337,2000
1335,1337,2000
1334,1337,2000
1334,1337,2000
1333,1338,2000
1333,1338,2000
1333,1338,2000
1332,1338,2000
1332,1338,2000
1331,1338,2000
1331,1338,2000
1330,1338,2000
1330,1338,2000
1329,1338,2000
1329,1339,2000
1328,1339,2000
1328,1339,2000
1327,1339,2000
1327,1339,2000
1326,1339,2000
1326,1339,2000
1325,1339,2000
1325,1339,2000
1324,1340,2000
1324,1340,2000
1324,1340,2000
1323,1340,2000
1323,1340,2000
1322,1340,2000
1322,1340,2000
1321,1340,2000
1321,1340,2000
1320,1340,2000
1320,1341,2000
1319,1341,2000
1319,1341,2000
1318,1341,2000
1318,1341,2000
1318,1341,2000
1318,1341,2000
1318,1341,2000
1318,1341,2000
1318,1341,2000
1318,1341,2000
1318,1341,2000
1318,1341,2000
1318,1341,2000
1318,1341,2000
1318,1341,2000
1318,1341,2000
1318,1341,2000
1318,1341,2000
1318,1341,2000
1318,1341,2000
1318,1341,2000
1318,1341,2000
1318,1341,2000
1318,1341,2000
1318,1341,2000
1318,1341,2000
1318,1341,2000
1318,1341,2000
1318,1341,2000
1318,1341,2000
1318,1341,2000
1318,1341,2000
1318,1341,2000
1318,1341,2000
1318,1341,2000
1318,1341,2000
1318,1341,2000
1318,1341,2000
1318,1341,2000
1318,1341,2000
1318,1341,2000
1318,1341,2000
1318,1341,2000
1318,1341,2000
1318,1342,2000
1317,1342,2000
1317,1343,2000
1317,1343,2000
1316,1344,2000
1316,1344,2000
1316,1345,2000
1315,1345,2000
1315,1345,2000
1315,1346,2000
1314,1346,2000
1314,1347,2000
1314,1347,2000
1313,1348,2000
1313,1348,2000
1313,1349,2000
1313,1349,2000
1312,1349,2000
1312,1350,2000
1312,1350,2000
1311,1351,2000
1311,1351,2000
1311,1352,2000
1310,1352,2000
1310,1353,2000
1310,1353,2000
1309,1354,2000
1309,1354,2000
1309,1354,2000
1308,1355,2000
1308,1355,2000
1308,1356,2000
1307,1356,2000
1307,1357,2000
1307,1357,2000
1306,1358,2000
1306,1358,2000
1305,1359,2000
1305,1359,2000
1305,1359,2000
1305,1360,2000
1304,1360,2000
1304,1360,2000
1304,1361,2000
1304,1361,2000
1303,1361,2000
1303,1362,2000
1303,1362,2000
1303,1362,2000
1302,1363,2000
1302,1363,2000
1302,1363,2000
1302,1364,2000
1301,1364,2000
1301,1364,2000
1301,1365,2000
1301,1365,2000
1300,1365,2000
1300,1366,2000
1300,1366,2000
1300,1366,2000
1299,1367,2000
1299,1367,2000
1299,1367,2000
1299,1368,2000
1298,1368,2000
1298,1368,2000
1298,1369,2000
1298,1369,2000
1297,1369,2000
1297,1370,2000
1297,1370,2000
1297,1370,2000
1296,1371,2000
1296,1371,2000
1296,1371,2000
1296,1372,2000
1295,1372,2000
1295,1372,1000
1295,1370,1000
1295,1368,1000
1295,1366,1000
1295,1364,1000
1295,1362,1000
1295,1360,1000
1294,1358,1000
1294,1356,1000
1294,1354,1000
1294,1352,1000
1294,1350,1000
1294,1349,1000
1294,1347,1000
1293,1345,1000
1293,1343,1000
1293,1341,1000
1293,1339,1000
1293,1337,1000
1292,1335,1000
1292,1333,1000
1292,1331,1000
1292,1329,1000
1292,1327,1000
1291,1325,1000
1291,1323,1000
1291,1321,1000
1291,1319,1000
1290,1317,1000
1290,1315,1000
1290,1313,1000
1289,1311,1000
1289,1309,1000
1289,1307,1000
1289,1305,1000
1288,1303,1000
1288,1301,1000
1288,1299,1000
1287,1297,1000
1287,1295,1000
1287,1293,2000
1287,1293,2000
1287,1293,2000
1288,1292,2000
1288,1292,2000
1289,1292,2000
1289,1291,2000
1290,1291,2000
1290,1291,2000
1291,1290,2000
1291,1290,2000
1292,1290,2000
1292,1289,2000
1292,1289,2000
1293,1289,2000
1293,1288,2000
1294,1288,2000
1294,1288,2000
1295,1287,2000
1295,1287,2000
1295,1287,2000
1296,1286,2000
1296,1286,2000
1297,1286,2000
1297,1286,2000
1298,1285,2000
1298,1285,2000
1299,1285,2000
1299,1284,2000
1299,1284,2000
1300,1284,2000
1300,1283,2000
1301,1283,2000
1301,1283,2000
1302,1282,2000
1302,1282,2000
1302,1282,2000
1303,1282,2000
1303,1281,2000
1304,1281,2000
1304,1281,2000
1303,1280,2000
1303,1280,2000
1302,1279,2000
1302,1279,2000
1301,1279,2000
1300,1278,2000
1300,1278,2000
1299,1277,2000
1298,1277,2000
1298,1276,2000
1297,1276,2000
1296,1276,2000
1296,1275,2000
1295,1275,2000
1294,1274,2000
1294,1274,2000
1293,1274,2000
1292,1273,2000
1292,1273,2000
1291,1272,2000
1290,1272,2000
1290,1271,2000
1289,1271,2000
1288,1271,2000
1288,1270,2000
1287,1270,2000
1286,1269,2000
1286,1269,2000
1285,1269,2000
1284,1268,2000
1284,1268,2000
1283,1267,2000
1282,1267,2000
1282,1267,2000
1281,1266,2000
1280,1266,2000
1280,1265,2000
1279,1265,2000
1278,1265,2000
1278,1264,1000
1278,1264,1000
1278,1265,1000
1279,1265,1000
1279,1265,1000
1280,1265,1000
1280,1266,1000
1280,1266,1000
1281,1266,1000
1281,1267,1000
1281,1267,1000
1282,1267,1000
1282,1267,1000
1282,1268,1000
1283,1268,1000
1283,1268,1000
1283,1268,1000
1284,1269,1000
1284,1269,1000
1285,1269,1000
1285,1270,1000
1285,1270,1000
1286,1270,1000
1286,1270,1000
1286,1271,1000
1287,1271,1000
1287,1271,1000
1287,1271,1000
1288,1272,1000
1288,1272,1000
1288,1272,1000
1289,1272,1000
1289,1273,1000
1290,1273,1000
1290,1273,1000
1290,1274,1000
1291,1274,1000
1291,1274,1000
1291,1274,1000
1292,1275,1000
1292,1275,2000
1293,1275,2000
1295,1275,2000
1296,1276,2000
1298,1276,2000
1299,1276,2000
1300,1276,2000
1302,1277,2000
1303,1277,2000
1305,1277,2000
1306,1277,2000
1307,1278,2000
1309,1278,2000
1310,1278,2000
1311,1279,2000
1313,1279,2000
1314,1279,2000
1316,1279,2000
1317,1280,2000
1318,1280,2000
1320,1280,2000
1321,1281,2000
1322,1281,2000
1324,1281,2000
1325,1282,2000
1327,1282,2000
1328,1282,2000
1329,1283,2000
1331,1283,2000
1332,1283,2000
1334,1284,2000
1335,1284,2000
1336,1284,2000
1338,1285,2000
1339,1285,2000
1340,1285,2000
1342,1286,2000
1343,1286,2000
1345,1286,2000
1346,1287,2000
1347,1287,1000
1354,1294,1000
1361,1302,1000
1368,1309,1000
1375,1316,1000
1381,1324,1000
1388,1331,1000
1395,1339,1000
1401,1346,1000
1408,1353,1000
1414,1361,1000
1421,1368,1000
1427,1376,1000
1434,1383,1000
1440,1391,1000
1446,1398,1000
1452,1406,1000
1459,1413,1000
1465,1421,1000
1471,1428,1000
1477,1436,1000
1483,1443,1000
1489,1451,1000
1494,1458,1000
1500,1466,1000
1506,1474,1000
1512,1481,1000
1517,1489,1000
1523,1496,1000
1528,1504,1000
1534,1512,1000
1539,1519,1000
1544,1527,1000
1549,1535,1000
1554,1542,1000
1559,1550,1000
1564,1558,1000
1569,1565,1000
1574,1573,1000
1579,1581,1000
1584,1588,2000
1584,1588,2000
1585,1588,2000
1585,1587,2000
1586,1587,2000
1586,1587,2000
1587,1586,2000
1588,1586,2000
1588,1585,2000
1589,1585,2000
1589,1585,2000
1590,1584,2000
1591,1584,2000
1591,1584,2000
1592,1583,2000
1592,1583,2000
1593,1583,2000
1593,1582,2000
1594,1582,2000
1595,1582,2000
1595,1581,2000
1596,1581,2000
1596,1581,2000
1597,1580,2000
1598,1580,2000
1598,1579,2000
1599,1579,2000
1599,1579,2000
1600,1578,2000
1600,1578,2000
1601,1578,2000
1602,1577,2000
1602,1577,2000
1603,1577,2000
1603,1576,2000
1604,1576,2000
1604,1576,2000
1605,1575,2000
1606,1575,2000
1606,1575,2000
1607,1574,2000
1607,1575,2000
1608,1576,2000
1609,1577,2000
1609,1578,2000
1610,1578,2000
1611,1579,2000
1611,1580,2000
1612,1581,2000
1613,1581,2000
1613,1582,2000
1614,1583,2000
1615,1584,2000
1615,1585,2000
1616,1585,2000
1616,1586,2000
1617,1587,2000
1618,1588,2000
1618,1588,2000
1619,1589,2000
1620,1590,2000
1620,1591,2000
1621,1592,2000
1622,1592,2000
1622,1593,2000
1623,1594,2000
1624,1595,2000
1624,1595,2000
1625,1596,2000
1625,1597,2000
1626,1598,2000
1627,1599,2000
1627,1599,2000
1628,1600,2000
1629,1601,2000
1629,1602,2000
1630,1602,2000
1631,1603,2000
1631,1604,2000
1632,1605,2000
1632,1606,1000
1632,1605,1000
1631,1604,1000
1631,1603,1000
1630,1602,1000
1629,1602,1000
1629,1601,1000
1628,1600,1000
1627,1599,1000
1627,1599,1000
1626,1598,1000
1625,1597,1000
1625,1596,1000
1624,1595,1000
1624,1595,1000
1623,1594,1000
1622,1593,1000
1622,1592,1000
1621,1592,1000
1620,1591,1000
1620,1590,1000
1619,1589,1000
1618,1588,1000
1618,1588,1000
1617,1587,1000
1616,1586,1000
1616,1585,1000
1615,1585,1000
1615,1584,1000
1614,1583,1000
1613,1582,1000
1613,1581,1000
1612,1581,1000
1611,1580,1000
1611,1579,1000
1610,1578,1000
1609,1578,1000
1609,1577,1000
1608,1576,1000
1607,1575,1000
1607,1574,2000
1607,1573,2000
1606,1572,2000
1606,1571,2000
1606,1569,2000
1606,1568,2000
1606,1567,2000
1605,1565,2000
1605,1564,2000
1605,1563,2000
1605,1561,2000
1605,1560,2000
1604,1559,2000
1604,1558,2000
1604,1556,2000
1604,1555,2000
1604,1554,2000
1603,1552,2000
1603,1551,2000
1603,1550,2000
1603,1548,2000
1602,1547,2000
1602,1546,2000
1602,1545,2000
1602,1543,2000
1601,1542,2000
1601,1541,2000
1601,1539,2000
1601,1538,2000
1600,1537,2000
1600,1536,2000
1600,1534,2000
1599,1533,2000
1599,1532,2000
1599,1530,2000
1599,1529,2000
1598,1528,2000
1598,1526,2000
1598,1525,2000
1597,1524,2000
