1586,1587,2000
1588,1585,2000
1590,1583,2000
1591,1580,2000
1593,1578,2000
1595,1576,2000
1597,1574,2000
1598,1572,2000
1600,1570,2000
1602,1568,2000
1603,1566,2000
1606,1569,2000
1609,1572,2000
1612,1575,2000
1615,1578,2000
1618,1581,2000
1621,1584,2000
1624,1587,2000
1626,1590,2000
1629,1593,2000
1632,1596,1000
1629,1593,1000
1626,1591,1000
1624,1588,1000
1621,1586,1000
1618,1583,1000
1615,1581,1000
1612,1578,1000
1609,1576,1000
1607,1574,1000
1604,1571,2000
1604,1567,2000
1604,1563,2000
1603,1559,2000
1603,1555,2000
1603,1551,2000
1603,1547,2000
1602,1543,2000
1602,1539,2000
1602,1535,2000
1601,1531,2000
1604,1532,2000
1607,1533,2000
1609,1534,2000
1612,1535,2000
1615,1536,2000
1618,1538,2000
1620,1539,2000
1623,1540,2000
1626,1541,2000
1629,1542,2000
1631,1543,2000
1632,1544,2000
1634,1545,2000
1636,1546,2000
1638,1547,2000
1640,1549,2000
1642,1550,2000
1644,1551,2000
1646,1552,2000
1648,1553,2000
1648,1553,2000
1648,1553,2000
1648,1553,2000
1648,1553,2000
1648,1553,2000
1648,1553,2000
1648,1553,2000
1648,1553,2000
1648,1553,2000
1648,1553,2000
1650,1552,2000
1652,1551,2000
1653,1551,2000
1655,1550,2000
1657,1549,2000
1658,1549,2000
1660,1548,2000
1662,1547,2000
1663,1547,2000
1665,1546,2000
1668,1546,2000
1671,1545,2000
1674,1545,2000
1677,1545,2000
1680,1545,2000
1683,1545,2000
1686,1545,2000
1689,1545,2000
1692,1545,2000
1695,1545,2000
1696,1543,2000
1697,1541,2000
1698,1540,2000
1699,1538,2000
1700,1536,2000
1700,1535,2000
1701,1533,2000
1702,1531,2000
1703,1530,2000
1704,1528,2000
1704,1526,2000
1704,1524,2000
1703,1522,2000
1703,1520,2000
1703,1519,2000
1703,1517,2000
1702,1515,2000
1702,1513,2000
1702,1511,2000
1702,1509,2000
1700,1506,2000
1698,1503,2000
1696,1500,2000
1694,1497,2000
1692,1494,2000
1690,1492,2000
1688,1489,2000
1686,1486,2000
1683,1483,2000
1681,1480,2000
1678,1476,2000
1676,1473,2000
1673,1470,2000
1670,1466,2000
1667,1463,2000
1664,1460,2000
1661,1456,2000
1658,1453,2000
1655,1449,2000
1652,1446,2000
1632,1427,2000
1613,1408,2000
1593,1389,2000
1574,1370,2000
1554,1351,2000
1534,1332,2000
1515,1313,2000
1495,1294,2000
1476,1275,2000
1456,1256,2000
1452,1253,2000
1449,1249,2000
1445,1245,2000
1441,1242,2000
1437,1238,2000
1434,1234,2000
1430,1231,2000
1426,1227,2000
1422,1223,2000
1418,1220,2000
1414,1216,2000
1409,1213,2000
1404,1209,2000
1400,1205,2000
1395,1202,2000
1390,1198,2000
1386,1195,2000
1381,1192,2000
1376,1188,2000
1372,1185,2000
1368,1184,2000
1364,1183,2000
1361,1182,2000
1357,1182,2000
1354,1181,2000
1350,1180,2000
1346,1180,2000
1343,1179,2000
1339,1179,2000
1335,1178,2000
1334,1180,2000
1333,1181,2000
1332,1182,2000
1330,1184,2000
1329,1185,2000
1328,1187,2000
1326,1188,2000
1325,1190,2000
1324,1191,2000
1322,1193,2000
1323,1196,2000
1323,1199,2000
1323,1203,2000
1324,1206,2000
1324,1210,2000
1324,1213,2000
1325,1216,2000
1325,1219,2000
1325,1223,2000
1325,1226,2000
1325,1228,2000
1325,1231,2000
1326,1233,2000
1326,1235,2000
1326,1238,2000
1326,1240,2000
1326,1242,2000
1326,1244,2000
1326,1247,2000
1326,1249,2000
1327,1252,2000
1329,1255,2000
1330,1258,2000
1332,1261,2000
1334,1264,2000
1335,1267,2000
1337,1270,2000
1338,1273,2000
1340,1276,2000
1341,1279,2000
1341,1280,2000
1342,1280,2000
1342,1281,2000
1342,1282,2000
1342,1283,2000
1342,1283,2000
1342,1284,2000
1342,1285,2000
1342,1286,2000
1342,1287,2000
1338,1285,2000
1333,1284,2000
1329,1283,2000
1324,1281,2000
1320,1280,2000
1315,1279,2000
1311,1278,2000
1306,1277,2000
1302,1276,2000
1297,1275,1000
1295,1273,1000
1292,1271,1000
1289,1269,1000
1287,1267,1000
1284,1266,1000
1282,1264,1000
1279,1262,1000
1277,1260,1000
1274,1258,1000
1272,1256,2000
1275,1259,2000
1277,1261,2000
1280,1263,2000
1283,1266,2000
1286,1268,2000
1288,1271,2000
1291,1273,2000
1294,1276,2000
1296,1278,2000
1299,1280,2000
1298,1282,2000
1297,1284,2000
1296,1286,2000
1295,1288,2000
1294,1289,2000
1293,1291,2000
1292,1293,2000
1291,1295,2000
1290,1297,2000
1289,1298,1000
1294,1297,1000
1300,1296,1000
1306,1295,1000
1312,1294,1000
1318,1293,1000
1323,1292,1000
1329,1291,1000
1335,1291,1000
1340,1290,1000
1346,1289,2000
1347,1292,2000
1348,1294,2000
1349,1296,2000
1350,1298,2000
1350,1300,2000
1351,1302,2000
1352,1304,2000
1353,1306,2000
1354,1309,2000
1355,1311,2000
1356,1312,2000
1358,1314,2000
1360,1315,2000
1362,1317,2000
1363,1318,2000
1365,1320,2000
1367,1321,2000
1369,1323,2000
1371,1324,2000
1372,1326,2000
1370,1327,2000
1368,1327,2000
1365,1328,2000
1363,1329,2000
1361,1330,2000
1359,1331,2000
1356,1332,2000
1354,1333,2000
1352,1334,2000
1349,1335,2000
1346,1336,2000
1343,1337,2000
1341,1338,2000
1338,1339,2000
1335,1340,2000
1332,1342,2000
1329,1343,2000
1326,1344,2000
1323,1345,2000
1320,1346,2000
1318,1349,2000
1316,1352,2000
1314,1355,2000
1312,1357,2000
1310,1360,2000
1307,1363,2000
1305,1366,2000
1303,1369,2000
1301,1372,2000
1298,1375,1000
1308,1392,1000
1318,1410,1000
1327,1427,1000
1336,1445,1000
1344,1463,1000
1352,1481,1000
1360,1499,1000
1367,1517,1000
1373,1536,1000
1380,1554,2000
1381,1550,2000
1383,1547,2000
1384,1543,2000
1385,1540,2000
1387,1536,2000
1388,1533,2000
1390,1529,2000
1391,1525,2000
1392,1522,2000
1393,1518,2000
1393,1516,2000
1392,1513,2000
1391,1510,2000
1391,1507,2000
1390,1505,2000
1389,1502,2000
1388,1499,2000
1388,1497,2000
1387,1494,2000
1386,1491,2000
1385,1488,2000
1383,1486,2000
1382,1483,2000
1381,1480,2000
1379,1477,2000
1378,1475,2000
1376,1472,2000
1375,1469,2000
1374,1466,2000
1372,1464,2000
1371,1462,2000
1370,1459,2000
1370,1457,2000
1369,1455,2000
1368,1453,2000
1367,1451,2000
1366,1449,2000
1365,1446,2000
1364,1444,2000
1363,1442,2000
1361,1439,2000
1359,1437,2000
1357,1434,2000
1355,1431,2000
1353,1428,2000
1351,1426,2000
1349,1423,2000
1347,1420,2000
1345,1418,2000
1342,1415,2000
1340,1413,2000
1337,1411,2000
1335,1408,2000
1332,1406,2000
1329,1404,2000
1327,1402,2000
1324,1400,2000
1321,1398,2000
1319,1395,2000
1316,1393,2000
1312,1391,2000
1309,1388,2000
1305,1385,2000
1301,1383,2000
1297,1380,2000
1293,1378,2000
1289,1375,2000
1285,1373,2000
1281,1370,2000
1277,1368,2000
1275,1367,2000
1273,1366,2000
1271,1366,2000
1269,1365,2000
1267,1364,2000
1265,1363,2000
1263,1363,2000
1260,1362,2000
1258,1362,2000
1256,1361,1000
1262,1364,1000
1267,1368,1000
1273,1372,1000
1279,1376,1000
1284,1379,1000
1290,1383,1000
1295,1387,1000
1301,1391,1000
1306,1395,1000
1312,1399,2000
1310,1398,2000
1307,1398,2000
1305,1397,2000
1303,1397,2000
1300,1396,2000
1298,1396,2000
1296,1395,2000
1293,1395,2000
1291,1394,2000
1289,1394,2000
1283,1395,2000
1277,1397,2000
1272,1399,2000
1266,1401,2000
1260,1403,2000
1254,1404,2000
1248,1406,2000
1242,1408,2000
1236,1411,2000
1230,1413,2000
1232,1424,2000
1234,1435,2000
1235,1447,2000
1237,1459,2000
1238,1470,2000
1238,1482,2000
1239,1494,2000
1239,1506,2000
1239,1519,2000
1239,1531,2000
1254,1527,2000
1268,1524,2000
1282,1521,2000
1296,1519,2000
1309,1517,2000
1322,1515,2000
1335,1513,2000
1348,1512,2000
1361,1510,2000
