1611,1429,1000
1611,1429,2000
1614,1429,2000
1616,1429,2000
1618,1429,2000
1621,1429,2000
1623,1428,2000
1626,1430,2000
1630,1431,2000
1634,1433,2000
1637,1434,2000
1641,1436,2000
1645,1439,2000
1649,1442,2000
1654,1445,2000
1658,1448,2000
1663,1451,2000
1668,1455,2000
1672,1459,2000
1677,1462,2000
1682,1466,2000
1687,1470,2000
1691,1475,2000
1696,1479,2000
1700,1483,2000
1704,1488,2000
1709,1492,2000
1712,1496,2000
1716,1500,2000
1719,1504,2000
1722,1508,2000
1726,1512,2000
1728,1516,2000
1730,1519,2000
1731,1522,2000
1733,1526,2000
1735,1529,2000
1735,1531,2000
1735,1534,2000
1735,1536,2000
1735,1538,2000
1735,1541,2000
1734,1542,2000
1732,1543,2000
1730,1544,2000
1729,1545,2000
1727,1546,2000
1724,1546,2000
1721,1546,2000
1718,1546,2000
1715,1545,2000
1712,1545,2000
1708,1544,2000
1704,1542,2000
1700,1541,2000
1696,1540,2000
1692,1538,2000
1688,1536,2000
1684,1533,2000
1680,1531,2000
1675,1528,2000
1671,1526,2000
1667,1523,2000
1663,1519,2000
1658,1516,2000
1654,1513,2000
1650,1509,2000
1646,1505,2000
1643,1501,2000
1639,1498,2000
1635,1494,2000
1631,1490,2000
1629,1486,2000
1626,1482,2000
1623,1478,2000
1620,1474,2000
1617,1470,2000
1616,1466,2000
1614,1463,2000
1612,1459,2000
1610,1455,2000
1609,1452,2000
1608,1449,2000
1608,1446,2000
1607,1443,2000
1607,1440,2000
1606,1437,2000
1607,1436,2000
1608,1434,2000
1609,1432,2000
1610,1431,2000
1611,1429,2000
1614,1429,2000
1616,1429,2000
1618,1429,2000
1621,1429,2000
1623,1428,2000
1626,1430,2000
1630,1431,2000
1634,1433,2000
1637,1434,2000
1641,1436,2000
1645,1439,2000
1649,1442,2000
1654,1445,2000
1658,1448,2000
1663,1451,2000
1668,1455,2000
1672,1459,2000
1677,1462,2000
1682,1466,2000
1687,1470,2000
1691,1475,2000
1696,1479,2000
1700,1483,2000
1704,1488,2000
1709,1492,2000
1712,1496,2000
1716,1500,2000
1719,1504,2000
1722,1508,2000
1726,1512,2000
1728,1516,2000
1730,1519,2000
1731,1522,2000
1733,1526,2000
1735,1529,2000
1735,1531,2000
1735,1534,2000
1735,1536,2000
1735,1538,2000
1735,1541,2000
1734,1542,2000
1732,1543,2000
1730,1544,2000
1729,1545,2000
1727,1546,2000
1724,1546,2000
1721,1546,2000
1718,1546,2000
1715,1545,2000
1712,1545,2000
1708,1544,2000
1704,1542,2000
1700,1541,2000
1696,1540,2000
1696,1540,1000
