1700,1670,1000
1700,1670,2000
1703,1668,2000
1706,1667,2000
1709,1666,2000
1712,1665,2000
1715,1664,2000
1718,1663,2000
1721,1662,2000
1724,1662,2000
1727,1661,2000
1729,1660,2000
1732,1659,2000
1735,1658,2000
1738,1657,2000
1741,1657,2000
1744,1656,2000
1747,1655,2000
1750,1654,2000
1753,1654,2000
1756,1653,2000
1758,1652,2000
1761,1652,2000
1764,1651,2000
1767,1651,2000
1770,1650,2000
1773,1650,2000
1776,1649,2000
1779,1649,2000
1782,1648,2000
1784,1648,2000
1787,1647,2000
1790,1647,2000
1793,1647,2000
1796,1646,2000
1799,1646,2000
1802,1646,2000
1805,1645,2000
1808,1645,2000
1810,1645,2000
1813,1645,2000
1816,1645,2000
1819,1644,2000
1822,1644,2000
1825,1644,2000
1828,1644,2000
1831,1644,2000
1834,1644,2000
1837,1644,2000
1840,1644,2000
1843,1644,2000
1846,1644,2000
1842,1641,2000
1839,1637,2000
1836,1633,2000
1833,1630,2000
1829,1626,2000
1826,1623,2000
1823,1619,2000
1819,1615,2000
1816,1612,2000
1812,1608,2000
1809,1604,2000
1806,1601,2000
1802,1597,2000
1799,1593,2000
1795,1590,2000
1792,1586,2000
1788,1582,2000
1785,1579,2000
1781,1575,2000
1777,1571,2000
1774,1568,2000
1770,1564,2000
1767,1560,2000
1763,1557,2000
1759,1553,2000
1756,1549,2000
1752,1545,2000
1748,1542,2000
1745,1538,2000
1741,1534,2000
1737,1530,2000
1733,1527,2000
1730,1523,2000
1726,1519,2000
1722,1515,2000
1718,1512,2000
1715,1508,2000
1711,1504,2000
1707,1500,2000
1703,1496,2000
1699,1493,2000
1695,1489,2000
1691,1485,2000
1688,1481,2000
1684,1477,2000
1680,1474,2000
1676,1470,2000
1672,1466,2000
1668,1462,2000
1664,1458,2000
1663,1459,2000
1661,1459,2000
1659,1460,2000
1658,1460,2000
1656,1461,2000
1654,1462,2000
1652,1462,2000
1651,1463,2000
1649,1464,2000
1647,1464,2000
1645,1465,2000
1644,1466,2000
1642,1466,2000
1640,1467,2000
1638,1468,2000
1637,1469,2000
1635,1470,2000
1633,1470,2000
1631,1471,2000
1629,1472,2000
1627,1473,2000
1625,1474,2000
1624,1475,2000
1622,1476,2000
1620,1477,2000
1618,1478,2000
1616,1479,2000
1614,1480,2000
1612,1481,2000
1610,1482,2000
1608,1483,2000
1606,1484,2000
1604,1486,2000
1602,1487,2000
1600,1488,2000
1598,1489,2000
1596,1490,2000
1594,1491,2000
1592,1493,2000
1590,1494,2000
1588,1495,2000
1586,1497,2000
1584,1498,2000
1582,1499,2000
1580,1500,2000
1578,1502,2000
1575,1503,2000
1573,1505,2000
1571,1506,2000
1569,1508,2000
1572,1511,2000
1575,1514,2000
1578,1518,2000
1582,1521,2000
1585,1524,2000
1588,1528,2000
1591,1531,2000
1594,1534,2000
1597,1538,2000
1600,1541,2000
1603,1544,2000
1606,1548,2000
1609,1551,2000
1612,1554,2000
1615,1558,2000
1618,1561,2000
1622,1565,2000
1624,1568,2000
1627,1571,2000
1630,1575,2000
1633,1578,2000
1636,1582,2000
1639,1585,2000
1642,1588,2000
1645,1592,2000
1648,1595,2000
1651,1599,2000
1654,1602,2000
1657,1605,2000
1660,1609,2000
1662,1612,2000
1665,1616,2000
1668,1619,2000
1671,1623,2000
1674,1626,2000
1676,1629,2000
1679,1633,2000
1682,1636,2000
1685,1640,2000
1687,1643,2000
1690,1647,2000
1693,1650,2000
1695,1654,2000
1698,1657,2000
1701,1661,2000
1703,1664,2000
1706,1668,2000
1708,1671,2000
1711,1674,2000
1711,1674,1000