1548,1658,1000
1548,1658,2000
1545,1655,2000
1543,1651,2000
1540,1648,2000
1538,1645,2000
1536,1641,2000
1533,1638,2000
1531,1635,2000
1528,1631,2000
1525,1628,2000
1523,1625,2000
1520,1622,2000
1518,1618,2000
1515,1615,2000
1513,1612,2000
1510,1609,2000
1507,1606,2000
1505,1602,2000
1502,1599,2000
1499,1596,2000
1497,1593,2000
1500,1591,2000
1502,1588,2000
1505,1586,2000
1508,1584,2000
1511,1582,2000
1513,1580,2000
1516,1578,2000
1519,1576,2000
1521,1574,2000
1524,1572,2000
1527,1570,2000
1529,1568,2000
1532,1566,2000
1534,1564,2000
1537,1562,2000
1539,1561,2000
1542,1559,2000
1545,1557,2000
1547,1555,2000
1550,1553,2000
1552,1557,2000
1555,1560,2000
1558,1563,2000
1561,1567,2000
1564,1570,2000
1567,1573,2000
1570,1577,2000
1572,1580,2000
1575,1583,2000
1578,1587,2000
1581,1590,2000
1584,1593,2000
1586,1597,2000
1589,1600,2000
1592,1604,2000
1595,1607,2000
1597,1610,2000
1600,1614,2000
1603,1617,2000
1605,1620,2000
1603,1622,2000
1600,1624,2000
1597,1625,2000
1594,1627,2000
1591,1629,2000
1589,1631,2000
1586,1632,2000
1583,1634,2000
1580,1636,2000
1577,1638,2000
1574,1640,2000
1572,1642,2000
1569,1644,2000
1566,1646,2000
1563,1648,2000
1560,1650,2000
1557,1652,2000
1554,1654,2000
1551,1656,2000
1548,1658,2000
1543,1661,2000
1538,1665,2000
1533,1669,2000
1528,1672,2000
1523,1676,2000
1518,1680,2000
1513,1684,2000
1508,1688,2000
1502,1693,2000
1497,1697,2000
1492,1701,2000
1486,1706,2000
1481,1711,2000
1475,1716,2000
1469,1721,2000
1464,1726,2000
1458,1731,2000
1452,1736,2000
1446,1742,2000
1446,1742,1000
