1683,1597,1000
1683,1597,1000
1683,1597,1000
1683,1597,1000
1683,1597,2000
1683,1597,2000
1683,1597,2000
1683,1597,2000
1683,1597,2000
1683,1597,2000
1683,1597,2000
1683,1597,2000
1683,1597,2000
1683,1597,2000
1683,1597,2000
1683,1597,2000
1683,1597,2000
1683,1597,2000
1683,1597,2000
1683,1597,2000
1683,1597,2000
1683,1597,2000
1683,1597,2000
1683,1597,2000
1683,1597,2000
1683,1597,2000
1683,1597,2000
1683,1597,2000
1683,1597,2000
1683,1597,2000
1683,1597,2000
1683,1597,2000
1683,1597,2000
1683,1597,2000
1683,1597,2000
1683,1597,2000
1683,1597,2000
1683,1597,2000
1683,1597,2000
1683,1597,2000
1683,1597,2000
1683,1597,2000
1683,1597,2000
1683,1597,2000
1683,1597,2000
1683,1597,2000
1683,1597,2000
1683,1597,2000
1683,1597,2000
1683,1597,2000
1683,1597,2000
1683,1597,2000
1683,1597,2000
1683,1597,2000
1683,1597,2000
1677,1598,2000
1671,1599,2000
1665,1600,2000
1659,1600,2000
1653,1602,2000
1647,1603,2000
1641,1604,2000
1635,1606,2000
1629,1607,2000
1623,1609,2000
1617,1611,2000
1611,1613,2000
1605,1615,2000
1599,1617,2000
1593,1619,2000
1587,1622,2000
1581,1624,2000
1575,1627,2000
1569,1630,2000
1562,1633,2000
1556,1636,2000
1550,1639,2000
1544,1642,2000
1537,1646,2000
1531,1649,2000
1525,1653,2000
1518,1657,2000
1512,1661,2000
1505,1665,2000
1498,1669,2000
1492,1674,2000
1485,1678,2000
1478,1683,2000
1471,1688,2000
1464,1693,2000
1457,1698,2000
1450,1704,2000
1443,1710,2000
1436,1716,2000
1429,1722,2000
1421,1728,2000
1414,1735,2000
1406,1742,2000
1398,1749,2000
1390,1757,2000
1382,1764,2000
1374,1773,2000
1365,1782,2000
1357,1791,2000
1348,1801,2000
1347,1797,2000
1345,1794,2000
1344,1791,2000
1342,1788,2000
1341,1785,2000
1340,1782,2000
1338,1779,2000
1337,1776,2000
1335,1773,2000
1334,1771,2000
1332,1768,2000
1331,1765,2000
1329,1762,2000
1328,1759,2000
1326,1756,2000
1325,1753,2000
1323,1750,2000
1322,1748,2000
1320,1745,2000
1319,1742,2000
1317,1739,2000
1316,1736,2000
1314,1734,2000
1312,1731,2000
1311,1728,2000
1309,1725,2000
1308,1723,2000
1306,1720,2000
1304,1717,2000
1303,1715,2000
1301,1712,2000
1299,1709,2000
1298,1707,2000
1296,1704,2000
1294,1701,2000
1293,1699,2000
1291,1696,2000
1289,1693,2000
1288,1691,2000
1286,1688,2000
1284,1686,2000
1283,1683,2000
1281,1681,2000
1279,1678,2000
1277,1675,2000
1276,1673,2000
1274,1670,2000
1272,1668,2000
1270,1665,2000
1269,1663,2000
1276,1655,2000
1283,1647,2000
1290,1640,2000
1297,1633,2000
1304,1626,2000
1310,1620,2000
1317,1613,2000
1323,1607,2000
1329,1601,2000
1336,1595,2000
1342,1589,2000
1348,1583,2000
1353,1578,2000
1359,1573,2000
1365,1567,2000
1370,1562,2000
1376,1557,2000
1381,1552,2000
1387,1547,2000
1392,1543,2000
1397,1538,2000
1402,1534,2000
1408,1529,2000
1413,1525,2000
1418,1521,2000
1422,1517,2000
1427,1513,2000
1432,1509,2000
1437,1505,2000
1442,1501,2000
1446,1498,2000
1451,1494,2000
1455,1491,2000
1460,1487,2000
1464,1484,2000
1469,1481,2000
1473,1478,2000
1477,1475,2000
1482,1472,2000
1486,1469,2000
1490,1466,2000
1494,1463,2000
1498,1461,2000
1502,1458,2000
1506,1456,2000
1510,1454,2000
1514,1451,2000
1518,1449,2000
1522,1447,2000
1526,1445,2000
1529,1448,2000
1532,1452,2000
1535,1455,2000
1538,1458,2000
1541,1462,2000
1544,1465,2000
1547,1468,2000
1549,1471,2000
1552,1475,2000
1555,1478,2000
1558,1481,2000
1561,1485,2000
1564,1488,2000
1567,1491,2000
1570,1495,2000
1573,1498,2000
1575,1501,2000
1578,1504,2000
1581,1508,2000
1584,1511,2000
1587,1514,2000
1590,1518,2000
1592,1521,2000
1595,1524,2000
1598,1527,2000
1601,1531,2000
1604,1534,2000
1606,1537,2000
1609,1541,2000
1612,1544,2000
1615,1547,2000
1617,1550,2000
1620,1554,2000
1623,1557,2000
1625,1560,2000
1628,1564,2000
1631,1567,2000
1634,1570,2000
1636,1573,2000
1639,1577,2000
1642,1580,2000
1644,1583,2000
1647,1586,2000
1649,1590,2000
1652,1593,2000
1655,1596,2000
1657,1600,2000
1660,1603,2000
1662,1606,2000
1662,1606,1000
1662,1606,1000
1662,1606,1000
1662,1606,1000
1662,1606,1000
