1424,1644,1000
1424,1644,1000
1424,1644,1000
1424,1644,1000
1424,1644,1000
1424,1644,1000
1424,1644,2000
1423,1641,2000
1421,1638,2000
1419,1635,2000
1417,1632,2000
1415,1629,2000
1413,1626,2000
1411,1623,2000
1409,1620,2000
1407,1617,2000
1404,1615,2000
1402,1612,2000
1400,1609,2000
1398,1606,2000
1396,1603,2000
1394,1600,2000
1392,1597,2000
1390,1594,2000
1388,1592,2000
1386,1589,2000
1384,1586,2000
1382,1583,2000
1379,1580,2000
1377,1577,2000
1375,1575,2000
1373,1572,2000
1371,1569,2000
1369,1566,2000
1367,1563,2000
1364,1560,2000
1362,1558,2000
1360,1555,2000
1358,1552,2000
1356,1549,2000
1353,1547,2000
1351,1544,2000
1349,1541,2000
1347,1538,2000
1344,1536,2000
1342,1533,2000
1340,1530,2000
1338,1527,2000
1335,1525,2000
1333,1522,2000
1331,1519,2000
1329,1517,2000
1326,1514,2000
1324,1511,2000
1322,1508,2000
1319,1506,2000
1317,1503,2000
1319,1501,2000
1321,1499,2000
1323,1497,2000
1325,1495,2000
1327,1493,2000
1329,1491,2000
1331,1488,2000
1333,1486,2000
1335,1484,2000
1337,1482,2000
1339,1480,2000
1341,1478,2000
1343,1477,2000
1345,1475,2000
1347,1473,2000
1349,1471,2000
1351,1469,2000
1353,1467,2000
1355,1465,2000
1356,1463,2000
1358,1461,2000
1360,1460,2000
1362,1458,2000
1364,1456,2000
1366,1454,2000
1367,1452,2000
1369,1451,2000
1371,1449,2000
1373,1447,2000
1374,1445,2000
1376,1444,2000
1378,1442,2000
1380,1440,2000
1381,1439,2000
1383,1437,2000
1385,1435,2000
1386,1434,2000
1388,1432,2000
1390,1431,2000
1391,1429,2000
1393,1427,2000
1395,1426,2000
1396,1424,2000
1398,1423,2000
1399,1421,2000
1401,1420,2000
1403,1418,2000
1404,1417,2000
1406,1415,2000
1407,1414,2000
1410,1417,2000
1413,1420,2000
1415,1423,2000
1418,1426,2000
1421,1429,2000
1423,1432,2000
1426,1435,2000
1429,1438,2000
1431,1441,2000
1434,1444,2000
1437,1447,2000
1439,1450,2000
1442,1453,2000
1445,1456,2000
1447,1459,2000
1450,1462,2000
1452,1465,2000
1455,1469,2000
1458,1472,2000
1460,1475,2000
1463,1478,2000
1465,1481,2000
1468,1484,2000
1470,1487,2000
1473,1490,2000
1476,1493,2000
1478,1496,2000
1481,1499,2000
1483,1503,2000
1486,1506,2000
1488,1509,2000
1491,1512,2000
1493,1515,2000
1496,1518,2000
1498,1521,2000
1501,1524,2000
1503,1527,2000
1506,1531,2000
1508,1534,2000
1511,1537,2000
1513,1540,2000
1515,1543,2000
1518,1546,2000
1520,1549,2000
1523,1552,2000
1525,1556,2000
1527,1559,2000
1530,1562,2000
1532,1565,2000
1535,1568,2000
1532,1569,2000
1530,1571,2000
1528,1572,2000
1526,1573,2000
1524,1574,2000
1522,1575,2000
1519,1577,2000
1517,1578,2000
1515,1579,2000
1513,1581,2000
1511,1582,2000
1509,1583,2000
1506,1585,2000
1504,1586,2000
1502,1587,2000
1500,1589,2000
1497,1590,2000
1495,1592,2000
1493,1593,2000
1491,1595,2000
1488,1596,2000
1486,1598,2000
1484,1599,2000
1481,1601,2000
1479,1602,2000
1477,1604,2000
1475,1606,2000
1472,1607,2000
1470,1609,2000
1467,1611,2000
1465,1612,2000
1463,1614,2000
1460,1616,2000
1458,1618,2000
1456,1619,2000
1453,1621,2000
1451,1623,2000
1448,1625,2000
1446,1627,2000
1443,1629,2000
1441,1631,2000
1439,1633,2000
1436,1635,2000
1434,1637,2000
1431,1639,2000
1429,1641,2000
1426,1643,2000
1424,1645,2000
1421,1647,2000
1421,1647,1000
1421,1647,1000
1421,1647,1000
1421,1647,1000
1421,1647,1000
1421,1647,1000
