1564,1565,1000
1560,1560,2000
1556,1556,2000
1552,1551,2000
1548,1547,2000
1544,1542,2000
1540,1538,2000
1536,1533,2000
1532,1529,2000
1528,1525,2000
1524,1520,2000
1520,1516,2000
1515,1511,2000
1511,1507,2000
1507,1503,2000
1503,1498,2000
1499,1494,2000
1495,1490,1000
1497,1492,1000
1499,1494,1000
1501,1496,1000
1503,1498,1000
1505,1500,1000
1507,1502,1000
1509,1504,1000
1511,1506,1000
1513,1509,1000
1515,1511,1000
1517,1513,1000
1519,1515,1000
1521,1517,1000
1523,1519,1000
1525,1521,1000
1527,1523,1000
1529,1525,1000
1530,1528,1000
1532,1530,1000
1534,1532,2000
1538,1529,2000
1541,1527,2000
1544,1525,2000
1548,1522,2000
1551,1520,2000
1554,1518,2000
1557,1515,2000
1560,1513,2000
1564,1511,2000
1567,1509,2000
1570,1507,2000
1573,1505,2000
1576,1503,2000
1579,1501,2000
1582,1499,2000
1585,1497,2000
1588,1495,2000
1591,1493,2000
1594,1492,2000
1594,1492,1000
