1498,1618,1000
1498,1618,1000
1498,1618,2000
1499,1614,2000
1500,1610,2000
1502,1606,2000
1502,1602,2000
1503,1598,2000
1504,1594,2000
1505,1590,2000
1506,1586,2000
1507,1583,2000
1508,1579,2000
1509,1575,2000
1509,1571,2000
1510,1567,2000
1511,1564,2000
1511,1560,2000
1512,1556,2000
1513,1553,2000
1513,1549,2000
1514,1545,2000
1514,1542,2000
1510,1542,2000
1506,1542,2000
1501,1543,2000
1497,1543,2000
1492,1544,2000
1488,1544,2000
1484,1545,2000
1479,1546,2000
1475,1546,2000
1470,1547,2000
1466,1548,2000
1461,1548,2000
1457,1549,2000
1452,1550,2000
1448,1551,2000
1443,1552,2000
1439,1553,2000
1434,1554,2000
1430,1555,2000
1425,1556,1000
1429,1555,1000
1434,1554,1000
1438,1553,1000
1442,1552,1000
1447,1551,1000
1451,1550,1000
1455,1549,1000
1459,1548,1000
1463,1547,1000
1468,1546,1000
1472,1546,1000
1476,1545,1000
1480,1544,1000
1484,1544,1000
1488,1543,1000
1492,1542,1000
1497,1542,1000
1501,1541,1000
1505,1541,1000
1509,1540,2000
1512,1538,2000
1515,1536,2000
1518,1533,2000
1521,1531,2000
1524,1529,2000
1526,1527,2000
1529,1525,2000
1532,1522,2000
1535,1520,2000
1538,1518,2000
1541,1516,2000
1543,1514,2000
1546,1512,2000
1549,1510,2000
1551,1508,2000
1554,1506,2000
1557,1505,2000
1559,1503,2000
1562,1501,2000
1562,1501,1000
1562,1501,1000
