1489,1589,1000
1489,1589,2000
1489,1584,2000
1489,1579,2000
1489,1574,2000
1489,1569,2000
1489,1564,2000
1489,1559,2000
1489,1554,2000
1489,1549,2000
1489,1545,2000
1489,1540,2000
1489,1535,2000
1488,1530,2000
1488,1525,2000
1488,1521,2000
1487,1516,2000
1487,1511,2000
1486,1506,2000
1486,1502,2000
1485,1497,2000
1485,1492,2000
1480,1492,2000
1475,1491,2000
1470,1491,2000
1465,1490,2000
1460,1490,2000
1455,1489,2000
1450,1489,2000
1445,1489,2000
1440,1488,2000
1434,1488,2000
1429,1488,2000
1424,1488,2000
1419,1488,2000
1414,1488,2000
1409,1488,2000
1404,1488,2000
1399,1488,2000
1393,1488,2000
1388,1488,2000
1383,1488,1000
1388,1488,1000
1393,1488,1000
1399,1489,1000
1404,1489,1000
1409,1489,1000
1414,1489,1000
1419,1489,1000
1425,1490,1000
1430,1490,1000
1435,1491,1000
1440,1491,1000
1445,1492,1000
1450,1492,1000
1455,1493,1000
1460,1494,1000
1465,1494,1000
1470,1495,1000
1476,1496,1000
1481,1497,1000
1486,1497,2000
1489,1495,2000
1492,1492,2000
1495,1490,2000
1497,1487,2000
1500,1485,2000
1503,1483,2000
1506,1480,2000
1509,1478,2000
1512,1476,2000
1514,1473,2000
1517,1471,2000
1520,1469,2000
1522,1467,2000
1525,1465,2000
1528,1463,2000
1530,1460,2000
1533,1458,2000
1535,1456,2000
1538,1454,2000
1538,1454,1000
